20000000 25
0.26 -30.62 -1.9 -6.3068074 -2.40004
0 0 0 0 0 0 0 0 0 0 0 0 0 0 0 0 0 0 0 0 0 0 0 0 0
0 0 0 0 0 0 0 0 0 0 0 0 0 0 0 0 0 0 0 0 0 0 0 1 0
0 0 0 0 0 0 0 0 0 0 0 0 0 0 0 0 0 0 0 0 0 0 0 0 0
0 0 0 0 0 0 0 0 0 0 0 0 0 0 0 0 0 1 0 0 0 0 0 0 0
0 0 0 0 0 0 0 0 0 0 0 0 0 0 0 0 0 0 0 0 0 0 0 1 1
0 0 0 0 0 0 0 0 0 0 0 0 0 0 0 0 0 0 2 1 2 0 3 3 2
0 0 0 0 0 0 0 0 0 0 0 0 0 0 0 0 0 0 1 1 2 1 4 3 2
0 0 0 0 0 0 0 0 0 0 0 0 0 0 0 1 0 0 1 2 2 4 2 5 3
0 0 0 0 0 0 0 0 0 0 0 0 0 0 1 0 2 0 2 1 6 12 4 18 6
0 0 0 0 0 0 0 0 0 0 0 0 0 1 0 1 2 0 2 3 7 10 13 24 9
0 0 0 0 0 0 0 0 0 0 0 1 0 0 2 3 7 6 13 8 24 45 42 51 35
0 0 0 0 0 0 0 0 0 0 0 0 0 1 0 3 6 14 17 22 40 62 79 83 59
0 0 0 0 0 0 0 0 0 0 0 0 2 2 6 8 16 18 28 53 64 101 105 135 108
0 0 0 1 0 0 0 0 0 0 2 1 4 5 18 18 28 47 83 118 149 221 263 360 290
0 0 0 0 0 0 0 0 0 0 0 2 5 10 16 18 59 78 167 225 308 431 506 668 430
0 0 0 0 0 0 0 0 1 1 1 2 4 9 20 35 82 87 228 290 405 635 734 864 622
0 0 0 0 0 0 0 0 0 2 6 5 13 19 24 55 101 153 317 441 641 1009 1061 1384 972
0 0 0 0 0 0 0 3 2 4 14 21 46 62 133 222 489 638 1397 1809 2555 3677 4320 5390 3779
0 0 0 0 0 0 0 1 1 4 7 8 26 42 64 118 206 318 658 912 1222 1965 2192 2786 1862
0 0 0 0 0 0 1 1 0 5 12 31 50 84 171 256 574 768 1565 2046 2938 4572 5206 6565 4498
0 0 0 0 1 2 2 4 7 11 25 55 77 172 319 462 1059 1530 3068 4114 5785 8841 9933 12363 8369
0 0 0 1 0 1 5 9 27 34 74 155 294 475 1014 1479 3339 4576 9440 12451 17277 26697 29698 37734 25293
0 0 2 0 0 1 2 4 8 16 23 59 132 207 424 603 1393 1962 4067 5332 7266 11018 12194 14956 9979
0 1 0 0 3 2 5 6 35 39 95 182 287 563 1000 1631 3438 4829 10215 13517 18260 28355 31495 39037 25759
0 0 0 0 0 1 3 9 12 24 30 43 106 201 387 646 1367 1918 3990 5158 7048 10944 11968 14824 9824
0.28 -35.496 -1.9 -6.4516988 -2.40004
0 0 0 0 0 0 0 0 0 0 0 0 0 0 0 0 0 0 0 0 0 0 0 0 0
0 0 0 0 0 0 0 0 0 0 0 0 0 0 0 0 0 0 1 0 0 0 0 0 0
0 0 0 0 0 0 0 0 0 0 0 0 0 0 0 0 0 0 0 0 0 0 1 0 0
0 0 0 0 0 0 0 0 0 0 0 0 0 0 0 0 0 0 0 0 0 0 0 1 0
0 0 0 0 0 0 0 0 0 0 0 0 0 0 0 0 0 0 0 0 0 1 0 0 1
0 0 0 0 0 0 0 0 0 0 0 0 0 0 0 0 0 1 0 0 0 0 1 2 0
0 0 0 0 0 0 0 0 0 0 0 0 0 0 0 0 0 3 0 0 1 2 3 5 3
0 0 0 0 0 0 0 0 0 0 0 0 0 0 0 0 1 0 0 0 0 3 4 3 4
0 0 0 0 0 0 0 0 0 0 0 0 0 0 0 0 1 1 4 6 3 9 18 30 18
0 0 0 0 0 0 0 0 0 0 0 0 0 0 0 0 0 1 4 6 8 14 15 21 15
0 0 0 0 0 0 0 0 0 0 0 0 0 0 0 0 0 2 3 8 11 14 37 35 41
0 0 0 0 0 0 0 0 0 0 0 0 0 1 1 1 2 8 19 30 62 68 91 166 120
0 0 0 0 0 0 0 0 0 0 0 0 0 0 1 0 5 5 17 32 50 77 131 190 148
0 0 0 0 0 0 0 0 0 0 0 0 1 2 0 5 7 10 34 58 85 137 190 312 253
0 0 0 0 0 0 0 0 0 1 0 1 1 2 2 14 18 70 110 215 318 459 810 1124 856
0 0 0 0 0 0 0 0 0 1 0 0 1 1 4 16 18 56 110 173 285 418 665 966 720
0 0 0 0 0 0 0 0 0 0 0 3 2 5 7 20 31 90 168 343 542 778 1248 1827 1414
0 0 0 0 0 1 0 1 0 0 2 9 4 17 31 52 127 289 513 969 1472 2212 3658 5031 3945
0 0 0 0 0 0 0 0 0 3 1 4 12 12 19 75 97 292 515 1026 1679 2394 3833 5193 4234
0 0 0 0 0 0 0 0 0 3 3 6 7 28 46 120 220 545 953 1764 2824 4016 6556 9324 7499
0 0 0 0 0 0 0 0 0 1 5 6 22 52 76 179 330 866 1531 2964 4709 6684 11107 15343 11910
0 0 0 0 0 0 2 0 1 10 12 29 51 123 233 549 970 2532 4634 8747 14094 20301 32783 45350 35496
0 0 0 0 0 0 0 0 1 2 5 16 25 64 102 263 513 1183 2142 4202 6623 9325 15133 20465 16031
0 1 0 0 1 0 0 1 0 10 7 40 63 151 286 655 1252 3108 5578 10446 16657 23270 37864 51329 39446
0 0 0 0 1 0 0 2 0 1 2 12 27 54 121 245 495 1144 2100 3984 6277 8898 14136 19331 14591
0.30 -29.348 -1.9 -6.1670252 -2.40004
0 0 0 0 0 0 0 0 0 0 0 0 0 0 0 0 0 0 0 0 0 0 0 0 0
0 0 0 0 0 0 0 0 0 0 0 0 0 0 0 0 0 0 0 0 0 0 0 0 1
0 0 0 0 0 0 0 0 0 0 0 0 0 0 0 0 0 0 0 0 0 0 0 2 0
0 0 0 0 0 0 0 0 0 0 0 0 0 0 0 0 0 0 0 0 0 0 0 0 1
0 0 0 0 0 0 0 0 0 0 0 0 0 0 0 0 0 0 0 2 0 2 1 3 1
0 0 0 0 0 0 0 0 0 0 0 0 0 0 0 0 1 0 3 1 2 2 5 4 2
0 0 0 0 0 0 0 0 0 0 0 0 0 0 1 0 0 0 0 0 4 4 4 1 3
0 0 0 0 0 0 0 0 0 0 0 0 0 0 1 0 4 2 7 4 19 18 21 24 15
0 0 0 0 0 0 0 0 0 0 0 1 0 0 0 1 1 0 5 6 7 20 18 27 19
0 0 0 0 0 0 0 0 0 0 0 0 0 0 0 2 3 3 8 12 26 27 36 53 37
0 0 0 0 0 0 0 0 1 0 0 0 0 0 3 8 9 20 33 61 58 118 140 161 113
0 0 0 0 0 0 0 0 1 0 0 0 1 3 2 4 8 19 38 61 72 103 130 192 124
0 0 0 0 0 0 0 0 0 0 0 1 0 2 5 10 17 16 57 73 94 170 180 276 182
0 0 0 0 0 0 0 1 1 0 4 3 5 12 17 43 47 105 238 326 396 719 774 1087 782
0 0 0 0 0 0 0 0 0 3 0 1 1 5 9 22 26 54 122 167 238 425 436 621 434
0 0 0 0 0 0 0 0 0 0 3 0 5 13 16 42 86 133 253 387 527 904 1017 1398 916
0 0 0 0 0 0 1 0 1 0 4 7 12 28 67 74 184 266 611 845 1133 2078 2228 3081 2105
0 0 0 0 0 0 0 1 1 4 5 12 33 51 99 175 357 520 1214 1654 2302 3978 4367 6111 4028
0 0 0 0 0 2 1 2 1 4 3 10 18 48 92 147 304 453 933 1436 1865 3336 3508 4950 3395
0 0 0 0 0 0 2 3 4 10 7 17 44 78 146 283 479 812 1699 2382 3222 5596 6081 8556 5706
0 0 0 2 1 1 1 2 4 16 27 42 86 191 314 590 1045 1713 3603 5167 7081 12550 13402 18505 12265
0 0 1 1 0 0 1 4 15 28 39 95 178 330 597 1120 2083 3475 7363 10366 13793 24750 25974 36342 24183
0 0 0 0 0 3 1 3 13 23 23 47 102 213 349 811 1317 2215 4461 6222 8532 14940 15379 21813 14208
0 1 0 2 0 2 2 13 13 22 48 113 206 411 726 1339 2376 3997 8319 11597 15693 27419 28883 40276 26523
0 0 0 0 0 0 1 6 5 10 17 29 76 146 316 597 1046 1705 3486 4939 6660 11525 11809 16328 10636
0.32 -25.638 -1.9 -6.177074 -2.40004
0 0 0 0 0 0 0 0 0 0 0 0 0 0 0 0 0 0 0 0 0 0 0 0 0
0 0 0 0 0 0 0 0 0 0 0 0 0 0 0 0 0 0 0 0 0 0 2 0 0
0 0 0 0 0 0 0 0 0 0 0 0 0 0 0 0 0 0 0 0 0 1 0 1 1
0 0 0 0 0 0 0 0 0 0 0 0 0 0 1 0 0 1 1 0 0 1 1 2 1
0 0 0 0 0 0 0 0 0 0 0 0 0 0 0 0 0 0 0 0 4 1 5 1 2
0 0 0 0 0 0 0 0 0 0 0 0 1 0 0 0 1 0 1 1 5 2 2 6 4
0 0 0 0 0 0 0 0 0 0 1 0 0 0 0 1 0 3 6 4 6 5 4 9 7
0 0 0 0 0 0 0 0 0 0 0 1 1 1 1 0 1 7 10 11 12 12 30 52 12
0 0 0 0 0 0 0 0 0 0 0 0 1 1 0 3 2 5 11 11 22 21 33 38 23
0 0 0 0 0 0 0 0 0 0 1 0 1 2 2 2 4 6 8 13 31 28 40 64 43
0 0 0 0 0 0 0 0 1 2 0 0 2 2 5 7 17 19 57 55 100 114 160 225 154
0 0 0 0 0 0 0 0 0 1 0 0 1 5 5 10 26 32 46 59 121 128 145 231 163
0 0 0 0 0 0 0 1 0 0 2 0 2 4 4 11 27 46 72 75 164 139 237 284 233
0 0 0 0 0 0 1 0 2 3 6 6 12 18 38 39 113 170 274 262 608 557 855 1189 732
0 0 0 0 0 0 1 0 1 1 5 2 6 17 17 32 55 89 166 165 341 321 461 672 414
0 0 0 0 1 0 1 0 0 0 5 6 14 20 51 57 153 224 369 375 788 695 1122 1555 1033
0 0 0 0 1 1 1 1 4 4 12 10 37 46 99 115 282 445 796 759 1606 1608 2262 3323 2210
0 1 0 0 0 2 4 6 5 4 21 36 62 106 210 251 589 883 1501 1489 3154 3088 4473 6383 4138
0 0 1 0 0 1 0 3 5 6 21 31 75 88 173 201 450 744 1248 1276 2770 2646 3778 5265 3319
0 0 0 1 1 2 2 4 14 7 14 54 90 162 295 309 803 1240 2085 2074 4422 4270 5964 8651 5525
0 0 2 0 0 4 5 13 28 30 59 112 248 362 634 736 1697 2841 4626 4745 9736 9508 13201 18813 11844
0 0 3 0 1 3 14 15 46 64 113 174 434 597 1160 1308 3285 5199 8430 8696 17988 17497 24680 34893 22213
0 1 0 1 0 6 8 4 28 19 78 111 300 432 782 883 2097 3479 5415 5559 11396 11085 15503 21759 13496
0 1 4 1 4 11 17 19 57 58 143 246 536 758 1347 1521 3692 6198 9755 9928 20155 19474 27494 38892 24544
0 0 0 0 1 1 4 10 27 34 54 94 210 292 584 689 1635 2614 4180 3970 8563 8299 11871 16523 10102
0.34 -24.79 -1.9 -6.144373 -2.40004
0 0 0 0 0 0 0 0 0 0 0 0 0 0 0 0 0 0 0 0 0 0 0 0 0
0 0 0 0 0 0 0 0 0 0 0 0 0 0 0 0 0 0 0 0 0 1 0 0 0
0 0 0 0 0 0 0 0 0 0 0 0 0 0 0 0 0 1 0 0 0 0 3 1 1
0 0 0 0 0 0 0 0 0 0 0 0 0 0 0 0 0 0 0 0 0 0 2 1 3
0 0 0 0 0 0 0 0 0 0 0 0 0 0 0 2 0 0 2 2 6 3 3 7 4
0 0 0 0 0 0 0 0 0 0 0 0 0 0 0 0 0 1 2 3 1 2 3 4 3
0 0 0 0 0 0 0 0 0 0 0 0 0 1 0 1 1 2 1 0 7 10 10 12 15
0 0 0 0 0 0 0 0 0 0 0 1 0 0 2 0 3 8 8 15 9 14 18 50 25
0 0 0 0 0 0 0 0 0 0 0 0 0 2 2 0 5 9 9 18 30 24 31 56 39
0 0 0 0 0 0 0 0 0 0 0 0 2 0 6 7 3 19 25 22 56 35 71 111 55
0 0 0 0 0 0 0 0 1 1 0 0 4 3 6 6 12 31 64 76 115 88 169 244 173
0 0 0 0 0 0 0 0 0 0 2 1 4 5 6 14 22 41 75 84 122 126 188 263 202
0 0 0 0 0 0 1 0 0 1 1 3 1 6 9 12 22 48 81 121 204 159 264 439 262
0 0 0 0 0 0 1 1 3 1 3 7 14 24 53 55 82 195 307 365 578 541 903 1335 905
0 0 0 0 0 0 0 1 1 1 0 5 13 8 34 34 74 126 211 258 427 400 646 958 608
0 1 0 0 0 2 0 0 3 2 9 5 11 32 55 67 112 249 398 463 861 734 1174 1740 1166
0 0 0 0 0 0 1 4 5 6 9 14 43 48 133 161 271 583 929 1070 1814 1716 2742 4049 2783
0 0 0 0 2 5 5 2 5 16 19 33 50 107 198 233 413 865 1439 1622 2851 2641 4298 6258 4153
0 0 0 0 1 1 1 3 4 8 23 26 60 113 200 220 438 827 1401 1629 2895 2555 4255 6198 4095
0 0 0 1 2 2 0 3 7 14 24 43 105 163 368 363 625 1377 2299 2655 4458 4166 6336 9793 6331
0 0 0 0 2 1 5 5 19 44 61 85 227 372 715 870 1384 3063 4894 5789 9759 8899 13712 20860 13640
0 1 2 1 4 7 16 17 33 69 101 146 332 596 1125 1358 2069 4637 7923 9267 15465 13903 21907 32771 21653
0 1 0 0 2 7 4 14 27 49 66 117 285 462 876 1097 1662 3636 5963 6775 11834 10373 16611 24680 15948
0 0 1 2 2 7 9 17 35 76 101 160 405 661 1338 1643 2591 5539 9363 10595 17829 15976 25466 37305 24208
0 1 0 2 1 6 7 8 17 25 48 78 199 280 594 676 1202 2486 4044 4891 8088 7022 11221 16545 10528
0.36 -25.744 -1.9 -6.3191246 -2.40004
0 0 0 0 0 0 0 0 0 0 0 0 0 0 0 0 0 0 0 0 0 0 0 0 0
0 0 0 0 0 0 0 0 0 0 0 0 0 0 0 0 0 0 0 0 0 0 0 1 1
0 0 0 0 0 0 0 0 0 0 0 0 0 0 0 0 0 0 0 0 0 1 0 0 2
0 0 0 0 0 0 0 0 0 0 0 0 0 0 0 0 0 0 1 1 0 1 4 0 0
0 0 0 0 0 0 0 0 0 0 0 0 0 0 0 0 0 0 0 5 0 1 1 0 1
0 0 0 0 0 0 0 0 0 0 0 0 0 0 0 0 0 2 1 1 3 5 9 8 8
0 0 0 0 0 0 0 0 0 0 0 0 0 2 0 1 0 1 3 4 5 8 12 14 16
0 0 0 0 0 0 0 0 0 0 0 0 0 0 0 0 3 3 7 6 6 9 11 27 16
0 0 0 0 0 0 0 0 0 0 0 0 1 0 1 2 4 9 8 12 20 27 20 38 32
0 0 0 0 0 0 0 0 1 0 0 0 1 2 1 3 4 8 11 16 17 38 51 84 53
0 0 0 0 1 0 0 0 0 0 0 1 0 3 0 4 10 21 26 36 73 99 104 195 155
0 0 0 0 0 0 0 0 0 0 1 0 1 4 2 9 11 35 37 56 80 127 150 281 198
0 0 0 0 0 0 0 0 0 2 0 2 1 8 9 13 26 59 70 85 140 183 252 451 307
0 0 0 0 0 0 0 1 0 0 2 2 3 16 25 30 57 111 171 183 309 485 552 943 599
0 0 0 0 0 0 1 0 1 2 3 5 8 18 32 39 65 154 219 285 440 733 848 1379 926
0 0 0 0 0 0 0 2 1 3 0 6 8 23 34 47 129 263 319 388 676 1071 1255 2085 1308
0 0 0 0 0 1 1 1 2 2 2 9 15 39 50 83 147 362 493 558 990 1584 1859 3070 1989
0 0 0 0 1 0 1 1 7 6 14 28 54 85 145 225 473 986 1361 1641 2753 4438 5058 8247 5456
0 0 0 0 0 0 0 3 3 2 10 19 39 58 114 165 312 651 950 1071 1784 2813 3335 5331 3583
0 0 0 1 0 0 1 0 4 9 9 33 69 108 171 281 507 1186 1713 2020 3314 5402 6090 10045 6691
0 0 0 0 1 3 1 3 8 6 32 66 110 216 338 516 1028 2210 3125 3700 6072 10089 11527 18756 12259
0 1 0 0 4 4 9 12 23 33 68 130 237 494 771 1108 2108 4795 6729 8163 13118 21318 24143 39928 25813
0 0 0 0 0 2 4 2 14 12 45 84 126 302 446 642 1339 2925 4105 4751 7676 12386 14078 22758 14621
0 0 1 0 0 3 7 6 24 38 73 156 270 565 855 1304 2462 5456 7561 8895 14437 23284 26400 43280 27519
0 0 0 1 2 3 2 4 11 14 37 78 123 259 348 576 1107 2356 3464 3963 6256 10175 11562 18871 11625
0.38 -24.472 -1.9 -6.4811244 -2.40004
0 0 0 0 0 0 0 0 0 0 0 0 0 0 0 0 0 0 0 0 0 0 0 0 0
0 0 0 0 0 0 0 0 0 0 0 0 0 0 0 0 0 0 0 1 0 0 0 1 0
0 0 0 0 0 0 0 0 0 0 0 0 0 0 0 0 0 0 0 1 0 0 0 0 0
0 0 0 0 0 0 0 0 0 0 0 0 0 0 0 0 0 0 0 0 0 1 1 1 1
0 0 0 0 0 0 0 0 0 0 0 0 0 0 0 0 0 1 0 0 0 2 2 1 2
0 0 0 0 0 0 0 0 0 0 0 0 0 1 0 1 2 0 0 2 1 1 4 4 7
0 0 0 0 0 0 0 0 0 0 0 0 0 0 0 0 1 0 2 5 3 6 13 13 7
0 0 0 0 0 0 0 0 0 0 0 0 0 0 1 0 1 1 5 2 8 6 9 23 14
0 0 0 0 0 0 0 0 0 0 0 0 1 1 3 0 4 4 6 15 18 23 30 42 37
0 0 0 0 0 0 0 0 0 0 0 1 0 1 3 3 4 5 16 12 30 28 56 52 71
0 0 0 0 0 0 0 0 0 0 0 1 1 3 3 2 10 12 26 32 48 49 102 126 82
0 0 0 0 0 0 0 0 0 2 0 0 3 3 8 14 22 42 63 90 144 126 200 350 273
0 0 0 0 0 0 0 0 0 0 0 1 1 7 10 9 23 35 72 92 149 171 234 372 311
0 0 0 0 0 0 0 0 0 1 2 1 2 8 16 27 27 56 109 130 248 227 389 616 483
0 0 0 0 0 0 0 0 1 2 6 8 11 21 46 65 112 140 278 392 726 668 1082 1687 1234
0 0 0 0 0 0 0 0 0 0 1 1 6 26 48 59 86 140 306 336 641 572 1004 1469 1127
0 0 0 0 0 0 1 0 2 6 8 10 13 41 66 114 235 234 504 669 1174 1122 1914 2904 2106
0 0 0 0 0 1 0 0 6 6 7 27 35 77 167 229 423 507 1117 1397 2488 2377 4063 6018 4538
0 1 0 0 0 0 1 1 4 14 18 30 35 66 168 257 457 526 1233 1505 2647 2580 4336 6330 4744
0 0 0 0 0 0 0 2 9 11 23 30 52 137 274 363 719 891 1927 2432 4310 4173 6821 10239 7509
0 0 0 1 1 0 1 10 4 15 29 64 100 197 451 675 1268 1480 3221 3987 7152 6933 11600 16932 12508
0 0 0 2 0 5 5 6 17 36 79 125 182 464 963 1472 2641 3021 6865 8405 15259 14215 24324 35999 25813
0 0 0 1 0 1 0 3 12 30 44 78 114 278 558 909 1603 1967 4248 5350 9475 8655 14736 21685 15409
0 1 0 0 1 4 11 12 22 62 106 166 261 553 1188 1788 3235 3853 8297 10203 17966 17166 28991 42482 29668
0 1 0 0 0 4 2 5 17 20 40 68 114 279 536 768 1398 1678 3630 4588 7930 7427 12438 18193 12776
0.40 -23.2 -1.9 -6.613211 -2.40004
0 0 0 0 0 0 0 0 0 0 0 0 0 0 0 0 0 0 0 0 0 0 0 0 0
0 0 0 0 0 0 0 0 0 0 0 0 0 0 0 0 0 0 0 1 0 0 0 0 1
0 0 0 0 0 0 0 0 0 0 0 0 0 0 0 0 0 0 0 2 0 0 0 0 1
0 0 0 0 0 0 0 0 0 0 0 0 0 0 0 0 0 0 0 0 0 0 1 0 2
0 0 0 0 0 0 0 0 0 0 0 0 0 1 0 0 0 0 0 1 0 1 2 3 1
0 0 0 0 0 0 0 0 0 0 0 0 0 0 0 0 0 1 0 0 4 2 5 1 4
0 0 0 0 0 0 0 0 0 0 0 0 0 0 0 0 3 0 1 1 2 5 6 13 8
0 0 0 0 0 0 0 0 0 0 0 0 0 0 0 1 2 1 3 3 5 6 17 19 10
0 0 0 0 0 0 0 0 0 0 0 0 1 0 0 1 2 3 3 11 14 13 25 29 25
0 0 0 0 0 0 0 0 0 0 0 0 0 1 2 8 4 10 14 17 30 31 68 101 57
0 0 0 0 0 0 0 0 0 1 0 1 1 2 3 3 14 13 25 30 51 49 54 100 65
0 0 0 0 0 0 0 0 0 0 0 3 3 5 7 9 19 43 43 77 106 119 157 287 184
0 0 0 0 1 0 0 0 0 1 0 1 2 5 10 20 26 39 65 95 150 148 285 406 257
0 0 0 0 0 0 0 0 1 1 1 5 5 8 5 33 59 61 103 157 221 257 372 637 364
0 0 0 0 0 0 0 0 1 2 1 7 18 17 31 53 110 139 259 363 514 614 927 1418 943
0 0 0 0 0 1 0 0 1 3 4 8 12 31 21 71 144 193 285 448 594 682 1042 1767 1169
0 0 0 0 0 1 1 4 4 4 2 16 33 46 47 118 202 254 446 674 949 1115 1693 2686 1760
0 0 0 0 0 1 0 2 9 7 9 23 61 74 101 251 393 535 941 1433 1979 2290 3379 5562 3641
0 0 0 0 1 1 3 3 5 7 15 36 44 102 115 325 579 742 1308 1851 2667 3148 4705 7474 4874
0 0 0 0 1 2 1 5 5 17 16 53 70 188 174 459 853 1034 1812 2704 3768 4369 6865 10834 6834
0 0 0 1 0 0 3 9 15 13 25 74 101 210 243 617 1102 1451 2597 3664 5167 5994 9300 14672 9410
0 0 0 0 3 8 9 24 38 67 78 188 311 618 660 1664 2932 3989 6648 9691 13965 15660 24251 38358 23963
0 2 0 1 1 3 10 17 15 36 35 125 170 319 373 974 1709 2154 3688 5386 7848 8576 13456 20949 13109
0 0 0 5 5 5 4 21 42 68 78 239 368 704 790 2002 3604 4560 7846 11325 16362 17969 27982 44034 27311
0 0 0 0 0 1 1 7 19 46 36 109 152 277 340 904 1568 2158 3462 5036 7118 7925 12266 18780 11758
0.42 -25.532 -1.9 -6.5748926 -2.40003
0 0 0 0 0 0 0 0 0 0 0 0 0 0 0 0 0 0 0 0 0 0 0 0 0
0 0 0 0 0 0 0 0 0 0 0 0 0 0 0 0 0 1 0 0 0 0 0 1 0
0 0 0 0 0 0 0 0 0 0 0 0 0 0 0 0 0 0 0 0 0 0 0 1 0
0 0 0 0 0 0 0 0 0 0 0 0 0 0 0 0 0 0 0 0 0 1 1 1 1
0 0 0 0 0 0 0 0 0 0 0 0 0 0 1 0 1 0 0 1 2 0 4 4 2
0 0 0 0 0 0 0 0 0 0 0 0 0 0 0 0 0 1 2 0 2 2 3 7 5
0 0 0 0 0 0 0 0 0 0 0 0 0 1 0 0 1 0 2 4 5 6 8 24 11
0 0 0 0 0 0 0 0 0 0 0 0 0 0 0 1 1 1 6 3 6 16 22 38 26
0 0 0 0 0 0 0 0 0 0 0 0 0 1 2 0 4 5 8 10 21 23 30 50 35
0 0 0 0 0 0 0 0 0 0 0 0 0 0 2 0 5 9 12 10 37 43 64 96 84
0 0 0 0 0 0 0 0 0 0 1 1 0 1 0 0 6 11 17 16 51 64 91 141 101
0 0 0 0 0 0 0 0 1 1 0 1 1 1 3 4 13 35 46 60 148 145 267 347 270
0 0 0 0 0 0 0 0 0 0 0 3 2 3 3 6 24 41 71 76 170 180 338 478 346
0 0 0 0 0 0 1 0 0 1 0 2 2 5 11 11 35 62 92 108 280 337 538 768 600
0 0 0 0 0 0 0 0 1 1 1 2 8 14 25 26 87 147 283 261 725 759 1410 1849 1515
0 0 0 0 0 0 0 0 0 0 1 2 10 7 15 25 69 125 208 227 593 661 1132 1569 1269
0 0 0 0 0 0 0 0 0 2 2 8 13 14 27 59 124 228 457 444 1187 1207 2066 2873 2305
0 0 0 0 0 0 0 0 1 2 7 12 22 38 66 115 270 444 855 945 2260 2499 4222 5915 4741
0 0 0 0 0 0 1 0 0 3 4 21 41 44 78 114 320 608 1073 1131 2905 3030 5178 7420 5815
0 0 0 0 0 0 2 0 1 5 7 15 34 61 107 202 453 862 1529 1576 4016 4313 7317 10559 8093
0 0 0 0 2 1 1 2 1 10 10 22 60 101 172 251 665 1198 2257 2275 5917 6368 10655 15200 11575
0 0 0 0 0 1 2 5 4 12 25 53 139 233 407 628 1544 2775 5270 5539 13984 14774 25039 35749 26939
0 0 0 0 0 1 3 3 4 13 9 41 92 130 276 389 980 1693 3219 3313 8298 8882 15006 21026 15830
0 1 0 0 0 2 0 9 5 21 31 72 161 293 497 752 1894 3527 6223 6597 16333 17537 29298 41103 30720
0 0 0 0 0 0 0 1 1 9 8 36 75 105 225 335 860 1580 2882 2908 7246 7575 12922 18242 13553
0.44 -23.624 -1.9 -6.5299268 -2.40004
0 0 0 0 0 0 0 0 0 0 0 0 0 0 0 0 0 0 0 0 0 0 0 0 0
0 0 0 0 0 0 0 0 0 0 0 0 0 0 0 0 0 0 0 1 0 0 0 0 2
0 0 0 0 0 0 0 0 0 0 0 0 0 0 0 0 0 0 0 1 0 0 1 1 1
0 0 0 0 0 0 0 0 0 0 0 0 0 0 0 0 1 1 1 1 1 2 2 1 1
0 0 0 0 0 0 0 0 0 0 0 0 0 0 0 0 0 0 1 1 4 0 5 5 5
0 0 0 0 0 0 0 0 0 0 0 0 0 0 0 0 0 0 1 2 4 2 12 10 7
0 0 0 0 0 0 0 0 0 0 0 0 0 0 1 0 3 1 4 5 10 9 21 27 26
0 0 0 0 0 0 0 0 0 0 0 0 1 0 0 3 0 3 3 11 8 11 37 38 25
0 0 0 0 0 0 0 0 0 1 0 0 0 0 2 3 3 9 11 14 33 27 47 83 57
0 0 0 0 0 0 0 0 0 0 0 2 2 0 1 3 3 9 15 23 38 39 79 103 71
0 0 0 0 0 0 0 0 0 0 0 1 2 0 2 3 9 13 33 48 77 65 150 216 138
0 0 0 0 0 0 0 0 0 0 0 2 0 6 6 8 30 32 60 83 154 155 330 472 320
0 0 0 0 0 0 0 1 0 0 1 2 2 2 6 11 31 26 77 114 180 156 333 448 350
0 0 0 0 0 0 0 0 0 1 5 1 4 9 10 25 44 67 135 190 272 287 570 868 610
0 0 0 0 0 0 0 0 1 1 2 7 17 26 27 50 132 151 310 422 735 726 1414 2140 1418
0 0 0 0 0 0 0 1 1 0 8 6 7 14 28 52 103 147 268 416 655 670 1337 1910 1258
0 0 0 0 1 0 0 0 2 2 5 9 21 27 55 92 180 270 503 700 1117 1213 2330 3560 2335
0 0 0 0 0 0 0 0 0 4 8 18 27 44 86 189 340 474 921 1311 2126 2128 4279 6095 4202
0 0 0 0 0 0 1 0 3 3 12 21 35 65 95 222 425 583 1088 1595 2690 2647 5216 7925 5229
0 0 1 0 0 0 1 1 7 5 12 40 48 114 159 298 611 802 1611 2262 3726 3773 7488 10881 7238
0 1 0 0 0 0 3 5 7 5 25 58 65 141 245 471 933 1220 2392 3440 5737 5578 11580 16765 10932
0 0 0 1 2 2 2 7 9 21 35 94 131 319 468 965 2021 2542 5105 7240 11749 11445 23521 34210 22881
0 0 0 0 1 0 1 9 8 17 35 73 97 190 311 676 1282 1774 3402 4818 8008 7539 15281 22388 14651
0 0 0 1 0 1 7 10 17 29 60 126 199 358 519 1154 2251 3099 6036 8297 13698 13488 26949 39279 25108
0 0 0 0 0 2 3 1 5 13 25 57 91 172 229 541 1031 1361 2791 3846 6394 6025 12006 18072 11414
0.46 -22.776 -1.9 -7.0341164 -2.40003
0 0 0 0 0 0 0 0 0 0 0 0 0 0 0 0 0 0 0 0 0 0 0 0 0
0 0 0 0 0 0 0 0 0 0 0 0 0 0 0 0 0 0 0 0 0 1 0 0 0
0 0 0 0 0 0 0 0 0 0 0 0 0 0 0 0 0 0 0 0 0 0 0 0 0
0 0 0 0 0 0 0 0 0 0 0 0 0 0 0 0 0 0 0 0 0 0 0 2 0
0 0 0 0 0 0 0 0 0 0 0 0 0 0 1 0 0 0 1 0 1 1 1 1 0
0 0 0 0 0 0 0 0 0 0 0 0 0 0 1 0 0 0 0 1 0 0 3 1 3
0 0 0 0 0 0 0 0 0 0 0 0 0 0 2 0 2 0 1 0 0 2 2 6 7
0 0 0 0 0 0 0 0 0 0 0 0 0 0 0 1 0 0 1 2 3 5 11 9 5
0 0 0 0 0 0 0 0 0 0 0 0 0 1 0 0 1 2 5 11 7 9 14 33 22
0 0 0 0 0 0 0 0 0 0 0 0 0 0 4 2 5 3 4 12 13 14 42 46 29
0 0 0 0 0 0 0 0 0 0 0 1 0 3 2 4 9 14 13 29 31 40 95 135 87
0 0 0 0 0 0 0 0 0 0 0 0 0 0 6 2 11 8 15 46 48 59 104 162 136
0 0 0 0 0 0 0 0 0 0 0 0 0 3 5 9 23 32 40 74 122 129 286 340 256
0 0 0 1 0 0 0 0 0 1 0 2 3 9 6 16 56 43 57 131 158 201 410 552 427
0 0 0 0 0 0 0 0 0 0 2 1 3 11 16 35 66 102 102 227 283 340 691 884 692
0 0 0 0 0 0 0 0 2 0 0 3 10 20 25 54 151 264 248 491 621 870 1677 2058 1556
0 0 0 0 0 0 1 2 1 1 4 2 11 17 31 72 159 225 234 530 646 792 1611 2075 1525
0 0 0 0 0 0 0 1 3 0 8 5 22 28 59 118 242 428 396 927 1239 1454 2899 3874 2814
0 0 0 0 1 0 2 2 2 6 8 29 53 98 125 254 577 903 1001 2169 2723 3298 6798 8719 6538
0 0 0 0 0 0 1 3 2 6 16 21 48 82 138 248 536 894 828 1965 2592 2951 5974 7863 5786
0 0 0 0 0 0 2 6 12 10 19 31 80 148 191 425 830 1400 1388 3268 4272 4986 10148 13169 9712
0 0 0 0 1 1 4 6 10 23 38 59 123 266 336 733 1680 2745 2555 5864 7856 9165 18753 23961 17673
0 1 0 1 2 4 5 11 9 28 48 73 159 323 391 862 2019 3103 3029 7169 9343 10731 21634 27760 20068
0 0 1 1 2 4 10 10 20 29 70 102 216 384 495 1235 2631 4287 4161 9461 12179 14213 28710 37253 26260
0 1 0 0 1 2 2 14 9 16 39 62 142 232 311 681 1511 2457 2297 5169 6821 7784 15938 20233 14380
0.48 -20.338 -1.9 -6.8305428 -2.40004
0 0 0 0 0 0 0 0 0 0 0 0 0 0 0 0 0 0 0 0 0 0 0 0 0
0 0 0 0 0 0 0 0 0 0 0 0 0 0 0 0 0 0 0 0 1 0 0 0 1
0 0 0 0 0 0 0 0 0 0 0 0 0 0 0 0 0 0 0 0 0 1 0 0 0
0 0 0 0 0 0 0 0 0 0 0 0 0 0 0 0 0 1 0 0 1 1 1 1 0
0 0 0 0 0 0 0 0 0 0 0 0 0 0 0 0 0 0 1 1 2 2 3 3 5
0 0 0 0 0 0 0 0 0 0 0 0 0 0 0 0 0 0 1 1 4 6 5 7 5
0 0 0 0 0 0 0 0 0 0 0 0 0 0 0 0 0 1 2 5 0 11 8 14 12
0 0 0 0 0 0 0 0 0 0 0 1 0 0 1 1 4 4 5 5 4 12 26 19 27
0 0 0 0 0 0 0 0 0 0 0 0 0 1 0 5 1 6 9 9 15 23 31 42 26
0 0 0 0 0 0 0 0 0 0 0 0 1 1 1 6 5 15 21 30 18 52 62 76 49
0 0 0 0 0 0 0 0 1 0 0 1 3 5 3 12 8 18 24 42 58 87 118 113 108
0 0 0 0 0 0 0 1 0 0 0 0 6 5 6 9 19 34 47 68 58 126 214 228 166
0 0 0 0 0 0 0 0 2 1 1 1 5 8 13 27 27 89 86 174 166 315 402 454 355
0 0 0 0 0 0 0 1 2 2 4 2 6 14 19 36 41 94 125 182 220 347 483 586 447
0 0 0 0 0 0 0 0 1 2 4 6 14 13 26 63 56 157 226 318 356 628 890 985 828
0 0 0 0 0 0 0 0 5 9 2 12 18 37 35 123 93 284 360 541 616 1173 1553 1693 1356
0 0 0 0 0 0 2 0 5 1 12 17 11 52 67 139 168 405 520 781 836 1521 2144 2382 1882
0 0 0 0 0 0 1 3 7 3 18 32 43 74 78 244 258 671 819 1242 1338 2671 3355 3849 3078
0 0 0 0 1 1 4 5 9 17 28 43 70 158 138 443 448 1087 1389 2135 2270 4368 5794 6473 5180
0 1 0 1 1 0 1 4 5 16 20 64 83 160 206 553 525 1381 1757 2755 2829 5421 7328 8046 6386
0 0 0 0 1 0 4 5 11 24 54 69 132 239 284 718 705 1741 2170 3468 3622 6862 8890 9940 7774
0 1 2 0 0 5 10 12 25 49 87 160 212 467 535 1499 1537 3775 4815 7426 7493 14527 19209 21012 16862
0 0 3 0 2 3 6 10 23 43 76 147 191 436 496 1316 1228 3226 4128 6364 6706 12635 16605 18215 14262
0 0 2 1 4 3 13 23 30 77 115 229 333 610 738 1971 1897 5060 6414 9635 10333 19108 25548 27261 21222
0 0 0 1 4 2 7 10 12 38 64 152 162 365 402 1027 1045 2712 3453 5176 5331 10090 13207 14458 11014
0.50 -22.034 -1.9 -7.223718 -2.40004
0 0 0 0 0 0 0 0 0 0 0 0 0 0 0 0 0 0 0 0 0 0 0 0 0
0 0 0 0 0 0 0 0 0 0 0 0 0 0 0 0 0 0 0 1 0 0 0 0 0
0 0 0 0 0 0 0 0 0 0 0 0 0 0 0 0 0 0 0 0 0 0 0 0 0
0 0 0 0 0 0 0 0 0 0 0 0 0 0 0 0 0 0 0 0 0 0 0 0 0
0 0 0 0 0 0 0 0 0 0 0 0 0 0 0 0 0 0 0 0 0 2 1 0 1
0 0 0 0 0 0 0 0 0 0 0 0 0 0 0 1 0 0 0 0 0 1 2 4 0
0 0 0 0 0 0 0 0 0 0 0 0 0 0 0 1 0 0 0 0 1 2 0 2 11
0 0 0 0 0 0 0 0 0 0 0 0 0 0 0 1 0 0 1 5 4 3 8 11 7
0 0 0 0 0 0 0 0 0 0 0 0 1 0 0 0 2 1 2 2 6 11 10 22 16
0 0 0 0 0 0 0 0 0 0 0 0 0 1 0 4 4 4 4 7 20 18 42 49 38
0 0 0 0 0 0 0 1 0 0 0 0 1 0 1 2 2 10 7 25 33 34 63 90 89
0 0 0 0 0 0 0 0 0 0 0 2 1 0 1 3 11 22 15 40 56 69 125 191 132
0 0 0 0 0 0 0 0 0 0 0 0 2 2 3 9 9 19 28 63 98 119 215 319 208
0 0 0 0 0 0 0 1 0 0 0 1 3 7 9 15 25 57 71 156 218 268 443 647 453
0 0 0 0 0 0 0 0 0 1 1 1 2 14 16 22 39 67 72 176 262 340 578 872 667
0 0 0 0 0 0 0 1 0 3 1 5 4 17 26 51 73 180 167 358 558 646 1178 1710 1375
0 0 0 0 0 0 0 0 0 3 5 2 11 22 31 89 104 212 263 529 732 861 1574 2443 1806
0 0 0 0 0 0 0 0 0 3 6 5 13 42 62 118 158 366 368 774 1221 1445 2355 3708 2888
0 0 0 0 0 0 1 1 2 3 10 15 23 51 110 205 312 663 649 1566 2269 2764 4715 7089 5307
0 0 0 0 1 1 1 0 0 5 12 22 23 78 160 266 390 757 833 1913 2813 3555 5772 8713 6596
0 1 0 0 0 1 1 1 5 10 16 28 44 116 186 411 572 1234 1302 2831 4074 5008 8690 12487 9546
0 0 0 0 0 1 3 4 6 12 35 73 74 206 366 664 1061 2207 2238 5164 7551 8753 15326 22673 16899
0 0 0 0 0 0 3 8 5 17 42 75 91 256 490 873 1186 2623 2719 6133 8875 10658 18273 27129 19944
0 0 0 0 0 0 3 11 11 37 46 87 139 339 656 1106 1696 3498 3630 8101 11629 13844 23767 35522 25636
0 1 0 0 0 2 5 3 5 16 22 46 82 194 391 643 943 1920 2122 4565 6474 7965 13457 20113 14014
0.52 -22.776 -1.9 -6.8880166 -2.40003
0 0 0 0 0 0 0 0 0 0 0 0 0 0 0 0 0 0 0 0 0 0 0 0 0
0 0 0 0 0 0 0 0 0 0 0 0 0 0 0 0 0 0 0 0 0 0 0 1 0
0 0 0 0 0 0 0 0 0 0 0 0 0 0 0 0 0 0 0 1 0 0 0 1 0
0 0 0 0 0 0 0 0 0 0 0 0 0 0 0 0 0 0 1 0 1 1 2 0 1
0 0 0 0 0 0 0 0 0 0 0 0 0 0 0 0 1 3 0 2 1 1 2 3 5
0 0 0 0 0 0 0 0 0 0 0 0 0 0 0 0 1 0 0 2 1 4 6 6 9
0 0 0 0 0 0 0 0 0 0 0 0 0 0 0 0 2 0 1 2 8 3 9 13 17
0 0 0 0 0 0 0 0 0 0 0 0 0 0 1 1 1 5 2 10 9 19 22 34 27
0 0 0 0 0 0 0 0 0 0 0 1 0 0 0 0 3 4 5 11 10 24 40 67 37
0 0 0 0 0 0 0 0 0 0 0 0 0 1 0 1 4 8 12 32 20 43 78 106 80
0 0 0 0 0 0 0 0 0 0 0 0 0 1 6 7 11 12 18 42 35 85 152 216 130
0 0 0 0 0 0 0 0 0 0 0 0 0 1 3 4 8 29 33 67 72 109 225 308 229
0 0 0 0 0 0 0 1 0 0 0 1 3 2 7 9 25 57 62 137 176 257 487 657 519
0 0 0 0 0 0 0 0 0 1 1 2 3 6 8 14 28 67 70 158 207 269 610 727 569
0 0 0 0 0 0 0 0 0 0 0 3 0 11 11 28 46 96 115 276 302 469 959 1284 1104
0 0 0 0 0 1 0 0 1 1 2 3 10 11 26 53 107 202 200 508 639 818 1787 2467 1866
0 0 0 0 0 0 0 1 1 1 1 4 4 13 29 71 136 241 278 597 719 1088 2219 3035 2407
0 0 0 0 0 0 0 0 0 2 0 13 10 35 54 92 203 379 377 1010 1158 1633 3549 4648 3596
0 0 0 0 0 1 0 0 1 3 9 14 24 51 63 176 377 678 753 1838 2130 3057 6430 8476 6354
0 0 0 2 0 1 1 1 1 3 6 7 22 46 79 194 447 712 748 1916 2230 3246 6794 8937 6941
0 0 1 0 0 0 0 1 1 4 12 14 44 87 120 292 589 1066 1177 2918 3434 4886 10293 13265 10213
0 0 0 0 0 1 1 1 5 4 16 40 60 140 195 518 1081 1976 2195 5255 6062 8912 18019 24297 17899
0 0 0 0 1 0 0 1 5 12 14 35 54 135 209 495 1104 1919 1991 5067 5822 8198 16781 22418 16396
0 1 0 0 0 1 1 2 6 13 27 48 86 178 301 696 1550 2865 2974 7111 8426 11967 24563 32129 24010
0 0 0 1 0 0 1 2 3 15 21 16 49 107 155 388 866 1565 1614 3808 4552 6494 13203 17417 12610
0.54 -19.808 -1.9 -7.425797 -2.40003
0 0 0 0 0 0 0 0 0 0 0 0 0 0 0 0 0 0 0 0 0 0 0 0 0
0 0 0 0 0 0 0 0 0 0 0 0 0 0 0 0 0 0 0 0 0 0 0 1 0
0 0 0 0 0 0 0 0 0 0 0 0 0 0 0 0 0 0 0 0 0 0 0 0 0
0 0 0 0 0 0 0 0 0 0 0 0 0 0 0 0 0 0 0 0 0 0 0 0 0
0 0 0 0 0 0 0 0 0 0 0 0 0 0 0 0 1 0 0 0 1 0 2 1 1
0 0 0 0 0 0 0 0 0 0 0 0 0 0 0 0 0 1 0 0 1 3 1 1 1
0 0 0 0 0 0 0 0 0 0 0 0 0 0 0 0 1 0 0 0 1 2 3 3 2
0 0 0 0 0 0 0 0 0 0 0 0 0 0 0 2 0 0 2 2 4 7 2 11 5
0 0 0 0 0 0 0 0 0 0 0 0 0 0 2 1 1 1 2 4 8 14 14 24 19
0 0 0 0 0 0 0 0 0 0 0 0 1 0 1 3 3 9 14 11 15 30 30 40 35
0 0 0 0 0 0 0 0 0 0 0 0 1 1 2 4 12 7 15 15 27 52 64 69 72
0 0 0 0 0 0 0 0 0 0 0 0 1 3 6 8 14 11 31 38 61 81 116 162 126
0 0 0 0 0 0 0 0 0 1 0 2 3 6 5 13 25 27 55 57 109 153 183 242 222
0 0 0 0 0 0 0 0 0 0 0 0 7 8 17 17 35 53 107 121 168 314 360 490 385
0 0 0 0 0 0 0 0 1 1 1 1 11 16 15 33 56 64 173 183 244 441 546 775 629
0 0 0 0 0 0 0 0 1 0 0 3 9 9 33 44 98 103 230 293 462 648 866 1257 932
0 0 0 0 0 1 0 0 4 1 6 10 21 32 61 91 197 204 519 536 876 1370 1688 2266 1841
0 0 0 0 0 0 0 0 2 2 5 11 31 36 68 126 241 273 649 701 1182 1734 2262 3047 2453
0 0 0 0 0 1 3 3 4 9 18 20 57 80 160 242 440 463 1186 1335 2057 3357 4008 5514 4373
0 0 0 0 0 0 1 4 4 8 15 28 68 104 177 301 618 654 1571 1735 2702 4337 5461 7360 5793
0 0 0 0 0 0 2 11 10 11 32 56 86 129 252 442 898 993 2214 2501 3887 6206 7683 10585 8439
0 0 0 0 0 2 2 6 12 14 25 72 185 273 455 722 1527 1642 3980 4274 6577 10732 13040 18348 13810
0 0 0 2 1 5 3 10 16 24 55 90 155 302 530 893 1774 1982 4744 5175 8072 12815 15540 21574 16320
0 1 1 1 1 4 4 12 22 35 67 100 271 446 729 1228 2456 2704 6358 6947 10712 16835 20614 28478 21551
0 1 0 1 1 4 4 11 16 25 67 75 165 242 458 736 1560 1467 3661 4123 6312 9972 11947 16616 12255
0.56 -20.55 -1.9 -7.2722136 -2.40003
0 0 0 0 0 0 0 0 0 0 0 0 0 0 0 0 0 0 0 0 0 0 0 0 0
0 0 0 0 0 0 0 0 0 0 0 0 0 0 0 0 0 0 0 0 1 1 0 0 0
0 0 0 0 0 0 0 0 0 0 0 0 0 0 0 0 0 0 0 0 0 0 0 0 0
0 0 0 0 0 0 0 0 0 0 0 0 0 0 0 0 0 0 0 0 0 3 1 1 0
0 0 0 0 0 0 0 0 0 0 0 0 0 0 0 0 0 0 0 0 0 0 1 2 3
0 0 0 0 0 0 0 0 0 0 0 0 0 0 0 0 0 0 0 0 1 1 3 7 7
0 0 0 0 0 0 0 0 0 0 0 0 0 0 0 0 0 1 2 3 1 9 7 8 11
0 0 0 0 0 0 0 0 0 0 0 0 0 0 0 0 2 2 7 2 7 14 12 19 17
0 0 0 0 0 0 0 0 0 0 0 0 0 1 1 0 1 2 4 6 10 17 15 32 25
0 0 0 0 0 0 0 0 0 0 0 0 0 0 1 1 2 11 9 18 21 36 58 52 57
0 0 0 0 0 0 0 0 1 0 0 0 0 1 1 5 5 7 27 28 35 55 80 132 99
0 0 0 0 0 0 0 0 0 0 0 1 1 0 5 13 10 23 31 33 74 115 176 215 187
0 0 0 0 0 0 0 0 0 0 0 0 4 3 3 17 11 34 68 60 124 200 246 322 278
0 0 0 0 0 0 0 0 0 2 3 3 5 3 16 22 36 91 138 148 255 433 564 753 571
0 0 0 0 0 0 0 0 0 1 3 3 4 4 13 29 38 82 169 155 319 456 662 889 679
0 0 0 0 0 0 0 0 0 1 2 1 7 12 28 57 73 162 260 279 557 945 1247 1629 1299
0 0 0 0 0 0 0 0 2 1 2 7 9 12 43 85 79 270 465 421 891 1304 1834 2391 1911
0 0 0 0 0 0 0 0 2 5 1 10 19 20 53 129 164 394 668 653 1176 1894 2586 3503 2729
0 0 0 0 0 1 1 1 2 4 12 13 37 36 114 240 256 694 1171 1230 2228 3524 4789 6400 5014
0 0 1 0 0 0 0 2 1 8 15 17 29 50 140 315 325 865 1425 1402 2616 4203 5654 7501 5869
0 0 0 0 0 1 2 0 5 11 16 27 44 84 201 417 424 1191 2054 2136 3921 6051 8120 10811 8567
0 0 0 0 0 2 2 8 5 15 36 49 106 109 322 714 710 2014 3587 3498 6670 10336 13803 18260 14061
0 0 1 1 0 0 3 5 3 17 36 50 107 125 410 763 787 2360 3963 4088 7536 11490 15354 20666 15615
0 0 0 0 0 7 1 2 8 42 43 79 148 194 512 1028 1151 3135 5364 5428 10018 15350 20420 27235 20377
0 2 0 0 0 2 2 2 2 18 31 52 89 104 285 664 697 1796 3084 3067 5650 8858 11590 15171 11344
0.58 -19.596 -1.9 -6.8370094 -2.40003
0 0 0 0 0 0 0 0 0 0 0 0 0 0 0 0 0 0 0 0 0 0 0 0 0
0 0 0 0 0 0 0 0 0 0 0 0 0 0 0 0 0 0 1 0 0 1 0 0 1
0 0 0 0 0 0 0 0 0 0 0 0 0 0 0 1 0 0 0 0 1 0 1 2 1
0 0 0 0 0 0 0 0 0 0 0 0 0 0 0 0 0 0 1 0 1 1 4 3 5
0 0 0 0 0 0 0 0 0 0 0 0 0 0 0 0 0 3 3 2 3 2 5 5 7
0 0 0 0 0 0 0 0 0 0 0 0 1 0 0 1 2 0 5 6 7 7 7 14 14
0 0 0 0 0 0 0 0 0 0 0 0 0 0 1 2 1 4 7 11 11 12 19 28 30
0 0 0 0 0 0 0 0 0 0 0 0 0 2 1 1 3 5 8 13 18 27 41 55 36
0 0 0 0 0 0 0 0 0 0 0 0 0 0 2 5 8 9 19 18 36 38 68 103 73
0 0 0 0 0 0 0 0 0 0 0 1 0 1 1 8 19 15 34 37 52 80 133 164 143
0 0 0 0 0 0 1 0 0 0 1 2 1 3 5 7 20 18 47 58 93 127 170 257 222
0 0 0 0 0 0 0 0 0 1 0 1 2 3 11 8 24 26 67 83 143 220 272 414 328
0 0 0 0 0 0 0 0 0 1 1 0 3 9 13 25 44 60 158 151 269 384 470 718 597
0 0 0 0 0 0 0 0 1 2 2 5 4 11 15 34 62 68 190 175 307 502 657 916 736
0 0 0 0 0 1 0 0 0 1 4 3 11 9 40 42 114 118 301 350 510 786 1116 1552 1209
0 0 0 0 0 0 0 0 1 1 2 2 11 16 46 77 151 171 443 439 755 1177 1540 2286 1821
0 0 0 0 0 0 1 1 1 3 3 12 22 32 63 114 187 259 576 635 1164 1592 2136 3112 2518
0 0 0 0 0 0 0 0 4 5 9 8 41 43 88 145 329 412 860 975 1707 2611 3307 4843 3791
0 0 0 0 0 1 2 2 4 7 13 19 37 75 124 254 472 547 1277 1411 2416 3561 4863 6972 5634
0 1 0 1 0 0 2 0 5 7 19 30 67 105 177 281 554 667 1528 1709 3057 4466 6034 8514 6721
0 0 0 0 0 0 2 4 9 7 23 19 70 129 215 382 723 901 2020 2293 4011 5820 7769 11062 8728
0 0 0 0 1 1 2 8 14 14 40 52 149 212 384 632 1302 1600 3562 4135 7114 10547 13531 19816 14873
0 0 0 0 0 1 1 4 9 7 45 30 134 187 348 576 1221 1363 3300 3640 6282 9116 11712 17355 12889
0 0 1 0 0 2 4 8 20 21 50 56 164 274 505 832 1741 2051 4597 5147 8933 12899 16578 24255 18242
0 0 0 0 0 2 3 4 5 5 31 25 83 141 261 448 926 1096 2408 2628 4883 6913 8838 12983 9456
0.60 -19.808 -1.9 -7.0800144 -2.40003
0 0 0 0 0 0 0 0 0 0 0 0 0 0 0 0 0 0 0 0 0 0 0 0 0
0 0 0 0 0 0 0 0 0 0 0 0 0 0 0 0 0 0 0 0 0 0 0 1 0
0 0 0 0 0 0 0 0 0 0 0 0 0 0 0 0 0 0 0 0 0 0 0 0 1
0 0 0 0 0 0 0 0 0 0 0 0 0 0 0 0 0 0 0 0 2 1 2 2 0
0 0 0 0 0 0 0 0 0 0 0 0 0 0 0 0 0 2 1 1 1 1 4 3 2
0 0 0 0 0 0 0 0 0 0 0 0 0 0 0 0 1 2 2 3 2 7 9 21 6
0 0 0 0 0 0 0 0 0 0 0 0 0 0 0 1 3 0 2 4 5 14 16 23 23
0 0 0 0 0 0 0 0 0 0 0 0 0 0 0 0 1 6 7 12 12 13 24 35 38
0 0 0 0 0 0 0 0 0 0 0 1 1 1 1 2 3 9 10 11 31 44 59 89 79
0 0 0 0 0 0 0 0 0 0 0 0 2 0 3 0 4 10 18 27 36 55 69 119 109
0 0 0 0 0 0 0 0 0 0 0 0 0 1 5 4 11 13 40 48 80 106 157 237 184
0 0 0 0 0 0 0 0 1 0 1 2 0 4 4 9 18 31 54 61 154 142 227 331 255
0 0 0 0 0 0 0 0 0 0 3 2 3 5 14 19 21 55 91 103 192 288 405 552 438
0 0 0 0 0 0 0 0 0 0 0 2 9 4 19 22 51 48 172 162 319 448 541 839 690
0 0 0 0 0 0 0 0 0 0 0 5 5 10 14 34 76 91 247 258 437 640 869 1300 1020
0 0 0 0 0 0 3 1 0 2 4 5 15 18 38 65 175 163 403 449 785 1132 1552 2470 1850
0 0 0 0 0 0 0 0 0 2 3 8 16 18 45 83 174 212 488 548 979 1453 1825 2866 2141
0 0 0 0 0 0 0 1 0 3 6 8 20 45 55 103 244 326 763 789 1438 2084 2878 4271 3467
0 0 0 0 0 0 2 2 1 3 10 29 37 51 122 210 428 543 1319 1467 2681 3750 5062 7769 6013
0 0 0 0 0 0 1 1 1 4 13 22 32 61 132 234 431 559 1415 1430 2764 3851 5204 7722 6093
0 1 0 0 0 0 0 3 2 3 9 27 68 88 217 274 664 821 2058 2023 3994 5454 7324 11268 8794
0 0 0 0 1 1 0 3 5 14 22 41 104 151 323 520 1076 1361 3289 3345 6400 8994 12029 18209 13830
0 0 0 0 0 1 0 0 1 16 19 46 127 143 319 489 1139 1405 3486 3590 6907 9607 12763 19256 14274
0 0 0 1 2 2 1 4 13 17 27 56 165 208 432 692 1560 1901 4457 4609 9088 12136 16513 25005 18486
0 1 0 0 0 0 1 6 3 10 17 35 82 123 232 421 876 1023 2531 2642 4941 6928 9310 13924 10098
0.62 -17.794 -1.9 -7.0476844 -2.40003
0 0 0 0 0 0 0 0 0 0 0 0 0 0 0 0 0 0 0 0 0 0 0 0 0
0 0 0 0 0 0 0 0 0 0 0 0 0 0 0 0 0 0 0 0 0 0 1 0 0
0 0 0 0 0 0 0 0 0 0 0 0 0 0 0 0 0 0 0 0 0 0 1 2 1
0 0 0 0 0 0 0 0 0 0 0 0 0 0 0 0 1 0 1 1 0 3 1 3 8
0 0 0 0 0 0 0 0 0 0 0 0 0 0 0 1 0 2 0 0 2 4 4 2 0
0 0 0 0 0 0 0 0 0 0 0 0 1 1 0 0 2 3 3 3 4 7 10 21 8
0 0 0 0 0 0 0 0 1 0 0 0 0 0 2 1 2 4 4 3 2 17 20 38 22
0 0 0 0 0 0 0 0 0 0 0 0 0 0 0 1 1 9 7 8 16 21 30 35 26
0 0 0 0 0 0 0 0 0 0 0 0 0 0 6 4 5 15 16 20 25 43 77 96 80
0 0 0 0 0 1 0 0 0 0 0 0 0 1 2 9 12 23 26 32 44 61 109 124 90
0 0 0 0 0 0 0 0 0 2 0 0 2 2 5 14 14 27 35 72 82 123 209 292 209
0 0 0 0 0 0 0 0 0 0 0 3 6 4 11 15 24 49 54 77 125 189 264 322 248
0 0 0 0 0 0 1 0 0 2 1 2 4 8 16 35 43 102 95 137 200 357 434 637 432
0 0 0 0 0 0 0 1 3 0 0 2 11 14 25 44 58 138 105 215 288 449 650 880 664
0 0 0 0 0 0 0 1 2 5 2 3 9 18 36 58 97 203 179 350 484 628 971 1380 1006
0 0 0 0 0 0 0 1 5 3 8 12 24 30 70 132 194 425 392 619 842 1173 1896 2618 1933
0 0 1 0 0 0 2 1 5 4 10 4 17 41 62 144 214 416 379 626 912 1298 2030 2843 2108
0 0 0 0 0 1 0 4 4 6 13 14 45 54 117 194 282 607 507 1031 1428 2021 3023 4308 3234
0 0 0 1 0 2 0 5 8 14 20 26 65 100 167 358 499 1083 1062 1766 2489 3521 5398 7530 5583
0 0 0 0 0 0 2 4 9 15 15 36 83 110 207 404 534 1214 992 1692 2558 3659 5621 7870 5709
0 1 0 0 2 2 2 6 11 19 24 46 112 144 263 541 746 1694 1514 2683 3775 5045 7797 11057 8107
0 0 0 0 0 3 7 3 15 27 43 67 192 223 443 855 1247 2597 2391 4084 5747 8266 12240 17211 12227
0 0 0 0 0 3 3 6 10 38 46 70 187 256 487 955 1286 2785 2476 4275 6146 8541 12681 17987 12723
0 0 0 0 0 2 4 20 18 35 88 100 251 319 529 1175 1640 3700 3257 5406 7823 11074 16512 22889 16181
0 0 0 1 1 1 2 10 10 16 51 62 131 167 344 648 952 2020 1795 3147 4421 6095 9264 13008 8762
0.64 -16.84 -1.9 -6.947896 -2.40003
0 0 0 0 0 0 0 0 0 0 0 0 0 0 0 0 0 0 0 0 0 0 0 0 0
0 0 0 0 0 0 0 0 0 0 0 0 0 0 0 0 0 0 0 2 2 0 0 1 0
0 0 0 0 0 0 0 0 0 0 0 0 0 0 0 0 0 0 1 1 1 2 2 1 2
0 0 0 0 0 0 0 0 0 0 0 0 0 0 0 1 0 1 0 3 1 4 3 5 4
0 0 0 0 0 0 0 0 0 0 0 0 0 0 0 1 0 3 0 5 0 7 9 12 5
0 0 0 0 0 0 0 0 0 0 1 0 0 2 0 0 3 0 6 10 6 6 6 19 17
0 0 0 0 0 0 0 0 0 0 0 0 0 2 0 5 3 8 4 15 15 17 20 35 24
0 0 0 0 0 0 0 0 0 0 1 0 2 1 3 3 1 7 12 28 25 24 35 74 44
0 0 0 0 0 0 0 0 0 0 0 0 2 2 2 11 8 15 18 35 41 68 72 135 90
0 0 0 0 0 0 0 0 0 1 2 1 1 4 6 10 17 35 23 69 76 95 107 187 118
0 0 0 0 0 0 0 0 0 2 1 2 7 10 10 21 16 48 59 110 113 155 204 334 222
0 0 0 0 0 0 0 1 0 1 3 2 3 12 8 32 19 56 69 155 187 224 244 480 301
0 0 0 0 0 0 0 0 3 4 0 2 12 10 16 43 45 124 147 271 260 378 508 830 542
0 0 0 0 0 0 0 1 3 0 1 7 14 21 28 64 63 162 154 340 379 460 631 1071 688
0 0 0 0 0 1 1 2 2 4 7 12 17 19 40 118 88 240 259 471 584 794 880 1627 1018
0 0 0 0 1 0 1 5 4 3 7 16 35 69 60 184 133 407 456 940 1008 1289 1647 2784 1823
0 0 0 0 0 1 1 2 2 6 4 18 41 56 69 228 131 482 469 1079 1270 1594 1883 3401 2167
0 0 0 0 1 0 3 2 7 7 13 31 56 89 114 306 240 761 738 1545 1688 2194 2662 4735 3069
0 0 0 1 0 1 1 4 13 17 13 43 75 127 175 510 406 1205 1164 2323 2684 3540 4322 7401 4665
0 1 1 1 0 1 3 1 5 13 26 41 119 145 226 577 445 1308 1190 2681 3023 3849 4777 8547 5291
0 0 0 2 2 4 2 4 19 20 31 60 129 190 275 832 601 1841 1780 3624 4298 5387 6592 11641 7246
0 0 2 2 3 7 7 6 15 48 57 99 230 346 422 1303 894 2695 2686 5686 6484 8206 9779 17407 10733
0 0 0 0 1 4 2 8 11 36 49 100 226 328 421 1202 862 2721 2681 5560 6414 8076 9819 17382 10442
0 1 1 1 1 7 12 13 35 59 67 122 301 404 563 1615 1147 3617 3402 7521 8430 10479 12747 22663 13554
0 0 0 0 3 2 4 6 15 38 36 90 154 232 298 886 586 1872 1845 3865 4539 5636 6633 12160 7235
0.66 -16.946 -1.9 -7.0476844 -2.40003
0 0 0 0 0 0 0 0 0 0 0 0 0 0 0 0 0 0 0 0 0 0 0 0 0
0 0 0 0 0 0 0 0 0 0 0 0 0 0 0 0 0 0 0 1 1 1 0 0 0
0 0 0 0 0 0 0 0 0 0 0 0 0 0 0 0 0 0 0 1 1 3 2 4 1
0 0 0 0 0 0 0 0 0 0 0 0 0 0 1 1 0 0 2 0 4 3 3 2 7
0 0 0 0 0 0 0 0 0 0 0 0 0 0 0 0 0 0 4 4 2 4 4 10 10
0 0 0 0 0 0 0 0 0 0 0 0 0 0 0 0 3 3 5 4 8 9 13 35 23
0 0 0 0 0 0 0 1 0 0 0 0 0 0 0 2 4 7 11 16 13 15 15 38 35
0 0 0 0 0 0 0 0 0 0 0 0 0 1 0 0 2 10 9 17 14 30 28 51 54
0 0 0 0 0 0 0 0 0 0 1 1 2 3 1 3 5 23 20 45 26 57 80 129 106
0 0 0 0 0 0 0 0 0 0 0 1 2 1 3 5 14 22 15 49 45 86 104 183 139
0 0 0 0 0 0 0 0 0 0 0 1 3 2 5 20 34 48 45 135 110 149 220 400 303
0 0 0 0 0 0 0 0 1 1 2 2 6 10 4 25 44 67 68 172 134 235 263 483 351
0 0 0 0 0 0 0 0 0 2 1 1 5 14 18 36 64 91 109 253 204 320 458 769 576
0 0 0 0 0 1 0 0 0 2 3 8 12 18 16 43 73 146 159 326 320 493 612 1069 912
0 0 0 0 0 1 1 0 1 4 10 9 13 34 33 75 99 209 255 545 475 673 1010 1592 1275
0 0 0 0 0 0 1 1 3 3 9 10 27 40 58 103 183 355 482 896 817 1300 1717 2968 2225
0 0 0 0 0 0 1 1 1 5 7 10 20 43 66 137 194 383 483 972 886 1377 1906 3209 2550
0 0 0 0 2 3 1 1 3 8 19 16 37 74 89 174 311 632 723 1504 1268 2144 2746 4613 3636
0 0 1 0 0 1 0 6 3 12 16 30 74 123 153 338 446 1005 1186 2474 2266 3499 4769 7731 6011
0 1 0 0 0 1 6 6 9 19 23 44 83 127 166 335 511 1094 1347 2783 2424 3748 4863 8138 6243
0 0 0 0 2 0 3 2 8 20 33 42 92 182 254 511 733 1494 1738 3680 3205 5119 6665 11139 8784
0 0 0 1 0 4 3 5 12 30 38 100 161 283 329 705 1147 2282 2578 5387 4917 7667 10351 16767 12537
0 0 2 0 1 2 2 9 20 22 45 69 148 316 353 781 1089 2432 2674 5738 5039 7979 10675 17588 12758
0 1 1 0 0 3 7 7 19 31 45 108 217 360 451 948 1462 3103 3467 7270 6414 9948 13429 21639 16088
0 0 0 1 1 1 1 8 11 28 31 48 115 185 269 510 833 1715 1882 4130 3464 5479 7400 12166 8789
0.70 -19.066 -1.9 -7.2237186 -2.40003
0 0 0 0 0 0 0 0 0 0 0 0 0 0 0 0 0 0 0 0 0 0 0 0 0
0 0 0 0 0 0 0 0 0 0 0 0 0 0 0 0 0 0 0 0 1 0 2 0 0
0 0 0 0 0 0 0 0 0 0 0 0 0 0 0 0 0 0 0 0 0 1 5 2 1
0 0 0 0 0 0 0 0 0 0 0 0 0 0 0 0 0 0 1 0 2 2 1 7 3
0 0 0 0 0 0 0 0 0 0 0 0 0 0 0 0 0 0 0 1 3 3 9 10 8
0 0 0 0 0 0 0 0 0 0 0 0 0 0 1 0 1 1 3 6 7 13 16 20 15
0 0 0 0 0 0 0 0 0 0 0 0 0 1 0 1 0 5 0 5 14 8 31 30 22
0 0 0 0 0 0 0 0 0 0 0 1 0 0 1 1 2 2 6 12 31 27 60 57 80
0 0 0 0 0 0 0 0 0 0 0 0 0 1 0 4 2 7 17 18 57 49 89 128 105
0 0 0 0 0 0 0 0 0 0 0 0 0 1 3 5 5 14 31 21 77 80 156 190 179
0 0 0 0 0 0 0 1 0 0 0 0 0 1 1 4 18 19 41 44 130 135 253 342 246
0 0 0 0 0 0 0 0 0 0 0 1 1 1 4 17 16 26 71 83 214 221 468 540 459
0 1 0 0 0 0 0 0 0 1 0 2 3 3 6 17 29 57 95 138 356 326 643 823 638
0 0 0 0 0 0 0 1 0 0 1 2 4 6 11 40 42 80 149 189 537 518 1061 1331 1119
0 0 0 0 0 0 0 1 0 0 1 4 7 11 19 42 61 108 203 261 662 689 1374 1775 1459
0 0 0 0 0 0 0 0 0 1 2 4 13 17 17 49 94 173 345 468 1149 1106 2152 2786 2325
0 0 0 0 0 0 0 0 0 3 1 5 11 32 18 81 97 208 442 591 1411 1387 2723 3646 2807
0 0 0 0 0 0 0 1 1 3 1 2 11 18 47 108 153 364 632 828 1959 1994 4047 5124 4307
0 0 0 0 0 0 3 0 2 0 3 10 17 47 55 144 232 509 965 1292 2943 3031 6226 7793 6326
0 0 0 0 0 0 1 0 2 1 8 12 26 48 82 196 308 511 1195 1466 3569 3521 7023 9162 7220
0 0 0 0 0 0 1 1 2 4 6 19 26 69 103 260 387 754 1446 1965 4683 4605 9481 12097 9645
0 0 0 0 0 0 0 4 1 4 11 27 35 111 130 374 588 1034 2133 2862 6747 6710 13598 17398 13473
0 1 0 0 0 0 0 2 4 9 10 33 48 109 149 406 656 1209 2289 2976 7415 7318 14414 18321 14139
0 0 0 0 0 1 0 4 6 7 4 35 61 121 209 558 719 1503 2816 3846 9054 8877 18016 22699 17248
0 0 0 0 0 1 0 2 2 3 11 23 37 64 120 335 391 859 1615 2137 5088 4829 9966 12608 9590
0.72 -16.628 -1.9 -7.425797 -2.40003
0 0 0 0 0 0 0 0 0 0 0 0 0 0 0 0 0 0 0 0 0 0 0 0 0
0 0 0 0 0 0 0 0 0 0 0 0 0 0 0 0 0 0 0 0 0 0 1 0 1
0 0 0 0 0 0 0 0 0 0 0 0 0 0 0 0 0 0 0 0 0 0 0 1 0
0 0 0 0 0 0 0 0 0 0 0 0 0 0 0 1 0 0 1 0 1 0 2 1 5
0 0 0 0 0 0 0 0 0 0 0 0 0 0 0 0 0 0 3 0 1 3 7 11 6
0 0 0 0 0 0 0 0 0 0 0 0 0 0 1 0 1 2 2 5 4 7 10 12 7
0 0 0 0 0 0 0 0 0 0 0 0 0 0 3 1 1 1 5 5 9 15 22 39 24
0 0 0 0 0 0 0 0 0 0 1 0 2 1 1 1 2 2 6 24 22 24 42 60 36
0 0 0 0 0 0 0 0 0 1 0 0 0 0 4 7 2 12 21 29 37 50 65 123 67
0 0 0 0 0 0 0 0 0 0 2 2 1 1 9 12 6 28 27 63 55 94 132 203 149
0 0 0 0 0 0 0 0 0 0 0 0 3 1 6 7 12 43 31 116 101 133 186 297 226
0 0 0 0 0 0 0 0 0 1 2 0 0 3 9 26 20 49 69 180 168 209 336 504 381
0 0 0 0 0 0 0 0 1 0 1 1 1 5 18 26 39 51 110 219 207 323 514 761 511
0 0 0 0 0 0 0 0 4 1 2 5 11 10 33 49 56 134 169 412 411 525 875 1248 938
0 0 0 0 0 0 0 1 3 1 2 5 9 19 49 75 76 169 245 548 587 796 1153 1686 1258
0 0 0 0 0 0 1 1 3 4 6 9 19 25 40 85 97 250 364 821 818 1102 1691 2578 1818
0 0 0 0 0 0 0 1 1 2 5 27 26 41 94 154 210 409 557 1242 1257 1646 2525 3776 2786
0 0 0 0 0 0 0 2 4 3 3 20 35 64 147 211 204 542 731 1686 1657 2200 3317 4919 3627
0 0 0 0 0 0 0 4 9 4 5 47 50 88 174 329 321 818 1127 2578 2479 3458 5097 7467 5572
0 0 0 0 0 1 0 4 4 6 14 42 65 93 224 359 393 962 1264 3065 2991 3909 5941 8770 6705
0 0 0 0 1 0 1 5 14 16 13 55 76 138 322 515 535 1348 1741 4008 4107 5288 8147 11875 8625
0 0 1 2 3 2 2 5 18 13 32 91 108 209 427 681 755 1910 2641 5911 5801 7615 11855 17231 12407
0 0 0 1 0 1 3 5 18 17 39 97 117 208 457 802 829 1998 2654 6390 5969 8092 12063 18410 12680
0 0 0 1 0 3 2 12 17 24 54 104 138 278 530 956 1063 2474 3392 8017 7727 10082 15450 22572 15749
0 1 0 1 2 1 1 4 8 10 23 68 71 151 330 562 632 1443 1972 4685 4518 5778 8745 12926 9018
0.74 -15.038 -1.9 -7.425797 -2.40003
0 0 0 0 0 0 0 0 0 0 0 0 0 0 0 0 0 0 0 0 0 0 0 0 0
0 0 0 0 0 0 0 0 0 0 0 0 0 0 0 0 1 0 0 0 0 0 0 0 0
0 0 0 0 0 0 0 0 0 0 0 0 0 0 0 0 0 0 0 1 0 0 1 2 3
0 0 0 0 0 0 0 0 0 0 0 0 0 0 0 0 1 0 2 4 2 3 2 3 3
0 0 0 0 0 0 0 0 0 0 0 0 0 1 1 0 1 1 3 5 3 7 5 5 4
0 0 0 0 0 0 0 0 0 0 0 0 0 1 1 1 5 1 2 7 5 9 9 12 20
0 0 0 0 0 0 0 0 0 0 0 0 0 2 0 2 4 5 8 17 9 25 14 25 31
0 0 0 0 0 0 0 0 0 0 1 1 0 0 5 5 5 6 11 23 17 53 24 44 54
0 0 0 0 0 1 0 0 0 0 1 0 0 2 6 8 10 21 20 39 50 87 77 99 106
0 0 0 0 0 0 0 1 0 2 2 0 3 6 9 8 20 27 19 75 73 150 134 172 169
0 0 0 0 0 1 0 1 0 1 1 3 4 11 16 13 30 50 38 110 107 268 218 264 257
0 0 0 0 0 0 1 0 0 1 0 2 7 17 21 27 56 95 84 218 175 398 341 472 440
0 0 0 0 0 0 0 2 0 0 5 5 8 20 27 35 63 106 113 301 269 578 510 654 670
0 0 0 0 0 0 1 2 2 1 3 9 11 31 44 60 132 174 185 478 476 976 780 1089 1082
0 0 0 0 0 0 0 3 5 5 2 9 15 42 56 74 180 263 243 675 577 1326 1091 1392 1449
0 0 1 1 0 2 3 0 3 5 13 14 20 53 78 113 234 366 371 974 868 1917 1581 2055 2058
0 0 0 0 0 0 0 2 3 8 11 26 41 126 121 171 328 570 536 1464 1319 2862 2453 3131 3091
0 0 0 1 2 2 5 4 5 14 15 36 39 144 187 237 476 790 730 1863 1658 3847 3212 4137 4113
0 0 1 2 0 0 2 9 13 19 29 37 63 235 282 379 680 1153 1078 2780 2503 5873 4821 5993 6053
0 0 1 1 2 3 2 3 12 18 25 54 89 277 305 415 801 1363 1225 3225 3011 6550 5494 7128 7071
0 0 0 1 3 8 5 8 18 29 49 67 111 350 395 529 1039 1765 1696 4320 3937 8905 7169 9332 9320
0 0 1 1 0 7 7 16 15 25 70 112 161 504 581 757 1574 2483 2335 6175 5714 12753 10389 13198 13208
0 0 1 0 3 12 13 15 27 50 81 95 158 530 600 796 1693 2629 2564 6694 5937 13291 10717 13837 13553
0 1 2 0 1 7 17 21 31 42 82 139 208 668 840 997 2061 3319 3175 8270 7433 16087 13062 16915 16175
0 0 2 1 1 3 3 17 20 32 50 84 100 387 452 546 1220 1879 1808 4706 4250 9476 7415 9768 9401
0.76 -14.402 -1.9 -7.425797 -2.40003
0 0 0 0 0 0 0 0 0 0 0 0 0 0 0 0 0 0 0 0 0 0 0 0 0
0 0 0 0 0 0 0 0 0 0 0 0 0 0 0 0 0 0 0 0 0 1 0 1 0
0 0 0 0 0 0 0 0 0 0 0 0 0 0 0 0 0 0 1 1 0 0 2 2 3
0 0 0 0 0 0 0 0 0 0 0 0 0 0 0 1 0 1 2 5 1 8 1 5 8
0 0 0 0 0 0 1 0 0 0 0 0 0 1 1 0 0 1 2 2 2 7 7 6 15
0 0 0 0 0 0 0 0 0 1 0 0 0 1 2 0 4 7 10 8 7 15 15 18 18
0 0 0 0 0 0 0 0 0 0 2 0 0 0 3 0 8 8 16 15 19 44 28 33 40
0 0 0 0 0 0 0 0 1 1 1 3 3 1 5 4 9 8 35 30 28 61 66 63 69
0 1 0 0 0 0 0 1 0 1 0 0 0 2 4 6 22 24 61 47 43 113 96 130 113
0 0 0 0 0 0 0 0 0 2 1 2 3 2 5 9 24 26 100 79 58 201 167 210 201
0 0 0 0 0 0 0 1 0 2 1 1 7 2 15 12 29 59 133 108 93 287 225 302 323
0 0 0 0 0 1 0 0 0 0 3 2 8 14 25 34 62 99 213 175 165 462 406 522 522
0 0 0 0 0 0 1 2 4 3 3 9 16 13 38 39 83 120 327 241 221 711 620 695 783
0 0 1 0 0 0 0 1 5 4 4 8 18 26 45 82 130 207 489 389 337 1197 970 1137 1224
0 0 0 1 0 1 0 1 4 2 8 16 26 42 55 104 173 269 693 528 465 1542 1260 1581 1668
0 0 0 1 0 0 2 3 8 6 17 29 42 61 88 141 283 412 1001 802 691 2309 1879 2208 2350
0 0 0 0 1 2 4 5 6 9 14 33 68 68 141 207 373 529 1478 1232 993 3318 2591 3195 3460
0 0 0 0 0 1 4 5 12 14 18 44 65 113 189 279 533 821 1955 1462 1319 4410 3388 4207 4595
0 1 0 0 2 4 8 10 12 18 35 67 120 132 281 393 797 1112 2847 2188 1820 6390 5013 6287 6739
0 0 0 0 1 1 5 7 20 25 40 87 139 196 341 456 900 1341 3275 2631 2204 7448 5799 7338 7820
0 1 1 2 2 2 9 13 26 38 59 100 191 237 464 609 1116 1706 4244 3416 2838 9609 7630 9436 9880
0 0 2 1 4 4 9 20 36 50 72 143 225 349 661 843 1648 2450 6119 4689 4077 13722 10630 13061 13830
0 2 0 0 6 9 8 26 36 49 74 130 240 313 673 967 1717 2503 6419 4993 4235 14350 10938 13564 14278
0 1 1 3 6 8 15 26 53 78 108 184 322 423 860 1166 2155 3069 7892 6216 5214 17908 13556 16408 17386
0 0 1 0 1 8 6 17 22 39 64 122 179 260 494 664 1239 1794 4522 3496 2976 10082 7497 9268 9606
0.78 -16.204 -1.9 -7.425797 -2.40003
0 0 0 0 0 0 0 0 0 0 0 0 0 0 0 0 0 0 0 0 0 0 0 0 0
0 0 0 0 0 0 0 0 0 0 0 0 0 0 0 0 0 0 0 0 0 0 1 0 1
0 0 0 0 0 0 0 0 0 0 0 0 0 1 1 0 0 0 1 0 0 2 0 3 3
0 0 0 0 0 0 0 0 0 0 0 0 0 0 0 0 0 3 2 4 1 3 4 3 3
0 0 0 0 0 0 0 0 0 0 0 0 0 0 0 0 0 1 2 4 7 5 13 16 7
0 0 0 0 0 0 0 0 0 0 0 0 0 0 0 1 2 0 5 12 14 17 37 36 35
0 0 0 0 0 0 0 0 0 0 1 0 0 1 1 0 4 3 4 21 21 23 69 73 38
0 0 0 0 0 0 0 0 0 0 0 0 0 2 3 7 8 3 23 36 49 44 88 93 78
0 0 0 0 0 0 0 0 0 0 0 2 1 1 1 3 5 17 35 67 96 51 183 187 161
0 0 0 0 0 0 0 0 0 0 1 1 1 10 11 13 24 31 75 105 118 120 319 326 256
0 0 0 0 0 0 0 0 0 0 1 1 3 4 7 12 28 44 96 165 198 178 436 447 366
0 0 0 0 0 0 0 0 0 2 1 1 11 17 13 24 45 72 144 251 326 269 775 746 627
0 0 0 0 0 0 0 0 1 0 1 4 6 13 14 40 56 88 197 377 473 396 1014 1003 883
0 0 1 0 0 0 0 0 1 1 3 1 7 24 25 59 81 143 317 547 689 607 1631 1726 1464
0 0 1 0 0 0 0 0 0 2 5 8 22 36 45 82 134 201 460 791 899 779 2153 2264 1886
0 0 0 0 0 0 1 0 2 7 6 11 18 58 64 111 181 274 583 1085 1308 1178 3058 3267 2737
0 0 0 0 0 0 2 0 0 2 8 19 22 57 89 139 260 407 875 1540 1949 1695 4277 4630 3826
0 0 0 0 0 0 1 3 3 1 15 18 33 95 114 210 358 534 1177 2082 2470 2193 5778 6063 5210
0 1 0 0 0 0 1 3 2 9 15 28 26 137 156 288 446 793 1700 2986 3539 3223 8337 8703 7366
0 0 0 1 1 0 2 6 3 11 15 32 46 182 192 329 549 891 1887 3450 4176 3636 9554 9833 8318
0 1 0 0 0 0 2 6 10 22 30 49 71 215 258 387 676 1123 2514 4439 5571 4778 12418 12786 10798
0 0 0 0 0 1 0 4 6 31 43 50 120 267 342 611 979 1589 3669 6325 7620 6391 17155 17520 14645
0 0 0 0 1 1 0 7 8 25 28 63 104 266 369 616 1017 1638 3686 6652 7985 6815 17854 18130 15155
0 0 0 0 0 4 1 5 12 36 37 74 139 351 478 800 1279 2045 4463 8017 9540 8096 21412 21601 18003
0 0 0 0 0 0 3 3 5 16 37 46 84 227 278 454 701 1170 2545 4598 5311 4715 12086 12009 10071
0.80 -16.84 -1.9 -7.425797 -2.40003
0 0 0 0 0 0 0 0 0 0 0 0 0 0 0 0 0 0 0 0 0 0 0 0 0
0 0 0 0 0 0 0 0 0 0 0 0 0 0 0 0 0 0 0 0 1 1 2 0 1
0 0 0 0 0 0 0 0 0 0 0 0 0 0 0 0 0 0 0 2 0 1 2 3 1
0 0 0 0 0 0 0 0 0 0 0 0 0 0 0 1 0 1 2 4 3 4 14 10 9
0 0 0 0 0 0 0 0 0 0 0 0 1 0 0 0 1 0 3 7 4 4 17 24 24
0 0 0 0 0 0 0 0 0 0 0 0 0 0 1 0 7 2 6 15 26 14 45 32 40
0 0 0 0 0 0 0 0 0 0 0 0 0 3 1 2 2 8 11 30 33 28 72 74 70
0 0 0 0 0 0 0 0 0 0 0 0 2 0 2 3 8 13 13 55 53 67 131 126 123
0 0 0 0 0 0 0 0 0 0 1 0 1 0 3 7 14 16 36 66 102 94 250 220 194
0 0 0 0 0 0 0 0 0 1 1 1 1 4 3 8 24 28 60 127 158 164 372 324 300
0 0 0 0 0 0 0 0 0 0 0 0 1 7 8 18 29 41 67 179 214 262 530 552 415
0 0 0 0 0 0 0 0 0 0 0 2 3 4 10 33 56 78 130 284 338 412 956 921 746
0 0 0 0 0 0 0 0 0 1 1 4 6 6 16 47 68 88 186 412 515 553 1386 1236 1067
0 0 0 0 0 0 0 0 2 0 0 2 11 13 22 57 93 181 281 704 814 839 2063 1949 1687
0 0 0 0 0 0 1 1 0 3 1 3 10 14 35 77 100 195 390 888 1038 1128 2661 2518 2276
0 0 0 0 0 0 0 0 1 4 2 5 16 24 35 130 202 252 514 1316 1463 1542 3935 3600 3146
0 0 0 0 0 0 2 1 0 5 6 7 20 37 61 161 262 424 734 1807 1979 2187 5638 4880 4437
0 0 0 0 1 0 0 0 4 3 10 8 36 53 93 222 315 513 1007 2443 2660 2926 7072 6437 5682
0 0 0 0 1 2 1 1 4 7 12 13 63 86 128 323 482 715 1427 3437 3865 4111 10147 9322 7996
0 0 0 0 0 0 2 1 0 6 11 17 64 104 128 360 551 893 1694 3973 4468 4645 11707 10270 9247
0 1 0 1 1 0 1 2 0 12 11 27 75 111 185 471 679 1127 2055 4963 5518 5924 14475 13198 11792
0 0 0 0 1 1 1 3 11 13 16 24 108 159 234 679 970 1468 2851 6887 7731 8023 20188 18134 15570
0 0 0 0 0 3 3 0 6 14 21 29 116 162 268 694 1040 1523 2969 7224 8002 8183 20836 17941 15773
0 0 0 0 0 0 0 5 6 17 26 40 128 189 313 856 1188 1860 3512 8621 9495 9804 24552 21377 18587
0 0 0 1 1 0 1 2 5 7 20 22 84 120 173 478 653 1063 1965 4803 5459 5553 13875 12021 10458
0.82 -15.144 -1.9 -7.425797 -2.40003
0 0 0 0 0 0 0 0 0 0 0 0 0 0 0 0 0 0 0 0 0 0 0 0 0
0 0 0 0 0 0 0 0 0 0 0 0 0 0 0 0 0 2 0 0 1 1 0 0 1
0 0 0 0 0 0 0 0 0 0 0 0 0 0 0 0 2 1 0 2 5 7 2 2 9
0 0 0 0 0 0 0 0 0 0 0 0 0 0 1 0 2 4 3 5 4 17 7 5 5
0 0 0 0 0 0 0 0 1 0 0 0 0 0 1 0 1 5 4 5 10 28 14 18 25
0 0 0 0 0 0 0 0 1 0 0 0 1 0 1 3 4 4 13 13 27 50 38 42 50
0 0 0 0 0 0 0 0 0 0 1 0 1 0 4 5 5 16 18 44 48 89 57 68 74
0 0 0 0 0 0 0 0 0 0 0 0 2 1 5 4 6 19 24 59 72 155 99 120 146
0 0 0 0 0 0 0 0 0 1 2 1 0 3 13 14 15 29 41 114 122 301 159 200 249
0 0 0 0 0 0 0 0 1 0 1 2 4 8 19 22 30 54 85 149 201 463 272 328 395
0 0 0 0 0 0 0 1 2 1 1 0 2 4 27 42 47 78 120 201 297 708 376 506 574
0 0 0 0 0 0 0 0 0 0 1 1 4 14 30 41 66 108 192 307 483 1123 642 813 864
0 0 0 0 0 0 0 0 3 7 4 9 10 19 45 55 94 186 255 498 622 1470 972 1104 1242
0 0 0 1 0 0 2 0 4 3 6 15 19 23 94 98 164 257 423 731 978 2426 1407 1717 1920
0 0 0 0 1 0 1 0 4 2 11 14 29 41 128 129 212 340 555 950 1217 3135 1940 2264 2515
0 0 0 1 0 0 0 2 7 6 9 17 50 52 143 189 297 529 766 1324 1907 4351 2645 3232 3578
0 0 0 0 0 1 0 3 10 8 12 22 50 61 200 237 398 693 1049 1866 2509 6068 3617 4380 4895
0 0 0 0 0 2 1 1 11 8 20 37 41 91 331 301 523 906 1400 2352 3332 7995 4693 5569 6465
0 1 0 1 0 1 0 1 8 19 16 45 82 132 398 427 743 1232 1917 3435 4700 10948 6444 7938 8899
0 0 0 0 0 2 2 3 12 11 33 49 73 149 445 523 818 1358 2060 3769 5189 12622 7267 8691 10105
0 0 0 0 0 0 2 4 16 22 50 52 98 219 566 635 1065 1717 2758 4860 6605 15751 9079 10852 12367
0 1 0 4 1 3 6 6 37 36 58 95 167 255 778 861 1393 2395 3720 6422 9011 21456 12187 14545 16349
0 1 0 0 0 1 5 4 37 25 58 97 155 252 784 865 1519 2463 3777 6748 9302 22031 12252 14601 16490
0 0 0 2 0 1 6 9 30 30 67 110 172 343 1010 1030 1756 2868 4516 8084 10935 25486 14202 17085 19196
0 0 0 0 0 2 6 2 16 21 38 74 79 198 536 602 1027 1675 2489 4434 6013 14350 7977 9198 10672
0.84 -15.25 -1.9 -7.425797 -2.40003
0 0 0 0 0 0 0 0 0 0 0 0 0 0 0 0 0 0 0 0 0 0 0 0 0
0 0 0 0 0 0 0 0 0 0 0 0 0 0 0 1 1 1 0 0 1 4 2 3 0
0 0 0 0 0 0 0 0 0 0 0 0 0 0 1 0 1 0 3 3 1 11 14 5 5
0 0 0 0 0 0 0 0 0 0 0 0 0 0 1 2 2 3 3 10 8 15 10 6 20
0 0 0 0 0 0 0 0 0 0 0 1 0 0 0 2 3 2 7 10 6 32 19 25 39
0 0 0 0 0 0 0 0 0 0 0 0 0 0 1 2 3 7 15 25 27 88 48 56 59
0 0 0 0 0 0 0 0 0 0 0 1 0 1 1 3 7 12 18 55 58 133 102 90 101
0 0 0 0 0 0 0 0 0 0 0 1 1 1 10 12 22 27 29 56 109 228 144 135 184
0 0 0 0 0 0 0 0 0 0 1 1 2 4 14 25 20 32 44 137 181 382 217 294 333
0 0 0 0 0 0 0 0 0 1 6 4 1 5 11 17 46 61 100 167 298 591 367 448 504
0 0 0 0 0 0 0 0 0 0 1 4 4 5 20 45 54 92 117 275 384 910 587 618 702
0 0 0 0 0 0 0 0 0 2 3 5 10 16 31 61 79 143 187 400 611 1377 861 1007 1123
0 0 0 0 0 1 3 2 1 4 4 2 10 25 45 89 124 182 300 576 893 1938 1190 1307 1500
0 0 0 0 0 0 1 0 1 6 14 11 21 37 70 144 196 278 419 834 1363 2974 1744 2134 2427
0 0 0 0 0 0 1 1 3 2 5 18 17 38 91 201 237 386 598 1166 1725 3840 2301 2648 2969
0 0 0 1 0 1 1 1 2 4 10 20 31 51 121 233 332 571 763 1586 2401 5512 3122 3684 4211
0 0 1 1 1 1 1 1 2 5 14 35 47 91 149 332 486 695 1035 2128 3227 7068 4310 5000 5456
0 0 0 0 0 0 1 3 4 12 30 34 64 105 205 419 647 963 1382 2840 4107 9334 5609 6545 7319
0 0 0 1 0 2 1 3 8 14 36 51 79 151 278 587 849 1329 1838 3835 5562 12815 7475 8880 9766
0 0 1 0 0 2 1 2 5 12 31 55 85 164 309 654 999 1512 2195 4384 6404 14345 8350 9605 10850
0 0 0 0 0 3 2 6 5 23 48 61 122 214 402 882 1185 1892 2784 5347 7905 17997 10408 11978 13321
0 1 0 1 0 2 6 6 13 27 72 112 151 312 564 1175 1609 2546 3710 7147 10504 23998 13857 15532 17708
0 0 0 2 2 1 1 5 13 35 58 87 145 295 540 1160 1640 2509 3743 7178 10850 24538 13775 15557 17454
0 0 0 0 1 4 3 4 23 45 81 115 162 358 652 1345 1923 3009 4235 8413 12524 27960 15688 17743 20000
0 0 0 0 0 0 3 3 5 19 38 64 91 196 318 748 1082 1697 2413 4786 7216 15730 8461 9525 11061
-1
