20000000 25
0.26 -24.154 -1.9 -5.5861062 -2.40016
0 0 0 0 0 0 0 0 0 0 0 0 0 0 0 0 0 0 0 0 0 0 0 0 0
0 0 0 0 0 0 0 0 0 0 0 0 0 0 0 0 0 0 0 0 0 0 0 1 0
0 0 0 0 0 0 0 0 0 0 0 0 0 0 0 0 0 0 0 0 0 0 0 0 0
0 0 0 0 0 0 0 0 0 0 0 0 0 0 0 0 0 0 0 0 0 0 1 0 0
0 0 0 0 0 0 0 0 0 0 0 0 0 0 0 0 1 0 0 0 1 2 0 1 0
0 0 0 0 0 0 0 0 0 0 0 0 0 0 1 0 0 0 0 0 0 0 0 0 1
0 0 0 0 0 0 0 0 0 0 0 0 0 0 0 0 0 1 0 0 1 3 2 0 2
0 0 0 0 0 0 0 0 0 1 0 0 0 0 1 0 1 0 1 1 2 1 2 1 3
0 0 0 0 0 0 0 0 0 0 0 0 0 0 0 0 0 0 0 4 4 2 1 5 1
0 0 0 0 0 0 0 0 0 0 0 0 0 0 0 0 1 1 2 2 7 3 5 4 2
0 0 0 0 0 0 0 0 0 0 0 1 0 0 0 1 3 1 1 4 8 9 3 10 7
0 0 0 0 0 0 0 0 0 0 0 1 0 1 2 2 6 5 9 14 42 17 38 48 37
0 0 0 0 0 0 0 0 0 0 0 0 1 0 1 3 2 4 4 6 15 6 12 22 6
0 0 0 0 0 0 0 0 0 0 0 1 2 1 6 6 12 10 12 15 55 32 48 67 44
0 0 0 0 0 0 0 0 0 0 0 1 0 0 1 8 15 7 18 29 57 28 39 68 60
0 0 0 0 0 0 0 0 0 0 1 0 2 7 9 13 43 31 51 64 150 107 106 218 136
0 0 0 0 0 0 0 0 2 1 1 3 6 12 17 19 55 45 57 90 211 129 175 274 210
0 0 0 0 0 0 0 0 1 0 0 3 5 3 10 23 54 39 70 106 209 141 168 329 179
0 0 1 0 0 0 0 0 4 0 3 3 2 14 24 22 83 58 90 128 311 214 272 461 260
0 0 0 0 0 0 0 2 0 0 3 7 15 12 40 64 147 103 148 258 535 340 426 746 530
0 0 0 0 0 0 0 0 2 2 5 4 10 6 15 38 61 45 93 140 306 159 231 399 278
0 0 0 0 0 0 2 1 0 0 3 9 10 24 32 50 150 96 170 219 535 332 430 767 466
0 1 0 1 0 1 0 1 4 1 5 6 13 12 39 43 122 74 161 225 504 252 398 671 391
0 0 0 0 0 0 1 1 0 1 4 7 18 18 33 51 149 103 166 243 550 323 461 811 444
0 0 0 0 0 0 0 1 0 0 3 1 3 6 8 13 27 32 42 60 139 100 111 218 121
0.28 -20.762 -1.9 -5.6445582 -2.4001
0 0 0 0 0 0 0 0 0 0 0 0 0 0 0 0 0 0 0 0 0 0 0 0 0
0 0 0 0 0 0 0 0 0 0 0 0 0 0 0 0 0 0 0 0 0 0 0 0 1
0 0 0 0 0 0 0 0 0 0 0 0 0 0 0 0 0 0 0 0 0 0 0 0 0
0 0 0 0 0 0 0 0 0 0 0 0 0 0 0 0 0 1 0 2 0 0 0 0 0
0 0 0 0 0 0 0 0 0 0 0 0 0 0 0 0 0 0 0 0 0 1 0 1 0
0 0 0 0 0 0 0 0 0 0 0 0 0 0 0 0 0 0 0 1 0 0 0 2 1
0 0 0 0 0 0 0 0 0 0 0 0 0 0 0 0 0 0 2 4 0 3 1 1 1
0 0 0 0 0 0 0 0 0 0 0 0 1 0 1 0 0 3 1 4 1 4 1 3 3
0 0 0 0 0 0 0 0 0 0 1 0 0 0 0 1 3 0 0 4 3 5 3 5 6
0 0 0 0 0 0 0 0 0 0 0 2 0 1 0 2 1 1 3 10 5 8 1 10 1
0 0 0 0 0 0 0 0 0 0 0 0 0 0 1 1 1 3 2 5 3 7 2 13 7
0 0 0 0 0 0 0 0 0 0 0 1 1 0 6 7 9 11 7 13 10 19 19 43 23
0 0 0 0 1 0 0 0 0 0 0 0 4 3 3 8 7 17 8 28 15 39 17 51 45
0 0 0 0 0 0 0 0 0 0 0 1 2 3 2 12 9 16 11 33 18 42 31 70 47
0 0 0 0 0 0 0 0 0 1 1 1 2 1 11 8 6 21 15 43 30 39 32 87 40
0 0 0 0 0 0 0 1 1 0 3 2 11 12 15 27 23 59 29 137 55 134 108 211 119
0 0 0 0 0 0 0 2 2 0 5 4 16 16 26 54 49 86 72 186 119 224 179 353 231
0 0 0 0 0 0 0 0 1 0 7 5 12 10 18 34 37 76 54 162 92 177 138 286 169
0 0 0 0 1 1 1 2 1 3 5 9 17 15 34 74 67 102 97 247 145 292 227 467 242
0 0 0 0 2 2 2 1 5 6 7 11 29 46 61 111 115 185 153 467 276 472 407 769 475
0 0 0 0 1 1 0 1 2 3 5 3 23 11 31 74 62 130 101 283 155 290 223 395 249
0 0 0 0 2 1 2 5 1 6 14 11 27 25 46 93 96 185 141 425 213 395 327 644 398
0 1 0 1 1 1 2 4 5 6 12 15 43 58 57 130 114 233 178 536 271 554 412 911 511
0 0 0 0 0 0 3 2 3 2 13 15 41 33 70 124 110 209 134 461 247 464 379 761 459
0 1 1 0 0 0 0 1 0 2 3 3 15 13 15 35 34 66 41 132 59 141 106 228 115
0.30 -23.094 -1.9 -5.481509 -2.4001
0 0 0 0 0 0 0 0 0 0 0 0 0 0 0 0 0 0 0 0 0 0 0 0 0
0 0 0 0 0 0 0 0 0 0 0 0 0 0 0 0 0 0 0 1 0 0 0 0 0
0 0 0 0 0 0 0 0 0 0 0 0 0 0 0 0 0 0 0 0 0 0 0 0 0
0 0 0 0 0 0 0 0 0 0 0 0 0 0 0 0 0 1 0 0 1 2 1 1 2
0 0 0 0 0 0 0 0 0 0 0 0 0 0 0 0 0 0 0 0 0 0 2 0 0
0 0 0 0 0 0 0 0 0 0 0 0 0 0 0 0 0 1 1 0 0 1 5 3 2
0 0 0 1 0 0 0 0 0 0 0 0 0 1 0 0 2 1 1 1 0 2 2 4 5
0 0 0 0 0 0 0 0 0 0 0 0 0 0 0 0 3 3 7 5 5 4 3 11 6
0 0 0 0 0 0 0 0 0 0 0 0 0 0 1 0 1 4 2 4 10 4 6 8 7
0 0 0 0 0 0 0 0 0 0 0 0 0 0 0 0 3 6 2 3 8 13 8 16 17
0 0 0 0 0 0 0 0 0 0 0 0 0 2 1 2 5 6 9 7 15 13 37 30 19
0 0 0 0 1 0 0 0 0 0 0 0 1 2 2 5 8 9 16 13 42 25 44 53 46
0 0 0 0 0 0 0 0 0 0 0 0 2 1 2 2 9 13 14 7 37 12 39 43 40
0 0 0 0 0 0 0 0 0 0 0 0 0 4 4 3 11 9 17 27 51 25 61 81 50
0 0 0 0 0 0 0 0 0 1 0 0 3 10 6 6 21 17 40 31 91 71 113 180 114
0 1 0 0 0 1 1 0 1 2 1 1 4 15 19 15 62 60 94 108 242 196 284 394 317
0 0 0 0 0 0 0 0 0 0 1 1 2 9 9 10 22 19 51 40 120 74 118 170 93
0 0 0 0 0 0 0 0 2 1 1 0 15 21 21 21 83 90 123 120 310 224 365 534 355
0 0 0 0 0 0 0 0 2 1 4 0 4 20 14 25 80 94 131 115 336 264 392 557 383
0 0 0 0 0 1 0 0 1 5 1 5 8 41 21 40 125 138 207 173 496 365 567 813 604
0 0 0 0 0 0 0 0 1 2 4 1 2 15 21 9 56 55 103 79 237 142 269 340 255
0 0 0 0 0 0 1 1 0 2 4 2 5 28 26 36 143 133 184 174 494 354 511 773 545
0 0 0 0 0 1 3 1 1 0 0 6 7 26 24 47 106 118 183 172 460 340 508 787 574
0 0 0 0 0 0 0 1 2 3 2 3 13 46 33 48 158 176 260 207 617 441 672 966 632
0 0 0 0 0 0 0 0 0 0 0 0 0 1 1 2 8 9 19 11 34 12 25 40 32
0.32 -21.716 -1.9 -5.6918624 -2.40016
0 0 0 0 0 0 0 0 0 0 0 0 0 0 0 0 0 0 0 0 0 0 0 0 0
0 0 0 0 0 0 0 0 0 0 0 0 0 0 0 0 0 1 0 0 0 0 0 0 0
0 0 0 0 0 0 0 0 0 0 0 0 0 0 1 0 0 0 0 0 0 0 0 0 0
0 0 0 0 0 0 0 0 0 0 0 0 0 0 0 0 0 0 0 0 1 0 0 1 0
0 0 0 0 0 0 0 0 0 0 0 0 0 0 0 0 1 0 0 1 1 1 1 0 2
0 0 0 0 0 0 0 0 0 0 0 0 0 0 0 0 0 2 4 0 1 0 3 2 1
0 0 0 0 0 0 0 0 0 0 0 0 0 0 0 1 1 3 1 1 2 1 1 6 0
0 0 0 0 0 0 0 0 0 1 0 0 0 0 0 1 1 0 1 0 2 4 1 6 2
0 0 0 0 0 0 0 0 0 0 0 0 0 0 1 1 1 2 2 2 7 6 9 16 7
0 0 0 0 0 0 0 0 0 0 0 0 1 0 1 2 1 3 2 3 1 8 10 8 9
0 0 0 0 0 0 0 0 0 0 0 0 0 0 1 3 3 4 7 7 17 15 19 25 14
0 0 0 0 0 0 0 0 0 0 0 0 3 1 2 5 5 5 5 12 22 29 17 50 36
0 0 0 0 0 0 0 1 0 2 0 0 0 0 3 11 9 14 18 18 40 33 38 68 36
0 0 0 0 0 0 0 0 0 1 0 3 6 0 9 10 10 9 22 39 60 52 46 92 70
0 0 0 1 0 0 1 0 1 1 0 2 7 2 6 17 9 28 21 36 67 54 61 121 60
0 0 0 0 0 0 0 0 0 1 0 0 4 3 12 26 12 29 52 66 104 109 121 251 165
0 0 0 0 0 0 0 0 2 1 1 3 15 12 24 55 31 68 83 125 200 238 258 436 252
0 0 0 0 0 0 1 0 0 0 0 4 8 5 15 44 32 61 81 80 177 188 201 340 185
0 0 0 0 0 0 0 1 3 3 0 5 17 13 14 53 34 107 110 141 270 271 293 530 324
0 0 0 0 0 0 0 0 1 4 6 3 14 18 48 83 51 165 157 193 415 470 448 793 492
0 0 0 0 0 0 0 2 0 4 2 5 19 7 29 91 47 125 120 157 315 420 384 665 436
0 1 0 0 0 1 0 0 2 4 5 5 33 13 36 96 54 141 146 195 398 449 427 801 464
0 0 0 0 1 1 0 0 5 5 5 9 37 12 42 109 63 193 231 282 579 557 562 1067 665
0 0 0 0 0 1 0 0 2 2 3 5 28 20 52 99 72 176 193 249 515 570 510 963 559
0 0 0 0 0 0 0 1 0 0 1 2 6 5 9 24 15 36 54 63 121 133 148 270 143
0.34 -19.702 -1.9 -5.6505048 -2.4001
0 0 0 0 0 0 0 0 0 0 0 0 0 0 0 0 0 0 0 0 0 0 0 0 0
0 0 0 0 0 0 0 0 0 0 0 0 0 0 0 0 0 1 0 0 0 1 2 0 2
0 0 0 0 0 0 0 0 0 0 0 0 0 0 0 0 0 0 0 0 0 0 2 0 0
0 0 0 0 0 0 0 0 0 0 0 0 0 0 0 0 0 1 0 0 1 0 0 0 0
0 0 0 0 0 0 0 0 0 0 0 0 0 0 1 0 0 0 0 1 1 2 2 2 0
0 0 0 0 0 0 0 0 0 0 0 0 0 0 0 0 0 1 0 1 3 0 2 0 1
0 0 0 0 0 0 0 0 0 0 0 0 0 0 0 0 1 0 2 1 2 1 4 2 2
0 0 0 0 0 0 0 0 0 0 0 0 0 2 0 0 0 2 0 6 1 3 7 6 2
0 0 0 0 0 0 0 0 0 0 0 0 0 1 1 0 0 3 3 5 2 9 8 7 6
0 0 0 0 0 0 1 0 0 0 0 0 0 3 3 2 3 2 7 8 7 9 20 12 15
0 0 0 0 0 0 0 0 0 0 0 0 0 1 4 2 5 2 4 13 7 10 22 11 15
0 0 1 0 0 0 1 1 0 1 0 0 0 0 7 5 9 9 6 32 18 37 65 31 34
0 0 0 0 0 0 0 0 0 0 0 3 0 1 9 4 8 6 11 34 21 37 62 30 51
0 0 0 0 0 0 1 0 0 0 2 4 1 5 13 6 20 21 16 49 27 61 102 57 82
0 0 0 0 0 0 0 0 0 0 2 5 1 2 13 5 26 13 27 64 36 64 104 70 96
0 0 0 0 0 0 0 1 0 1 1 10 6 7 26 14 41 50 48 162 68 150 259 158 190
0 0 0 0 0 0 3 2 2 2 3 4 4 18 34 21 72 78 82 217 101 215 382 214 230
0 0 0 0 0 0 0 1 1 4 0 8 5 15 46 18 61 57 73 202 113 194 358 209 252
0 0 0 1 0 0 1 1 4 2 3 14 9 18 53 29 106 106 103 286 147 299 554 289 372
0 0 0 0 0 2 0 5 1 7 6 28 17 40 74 42 160 152 194 480 213 473 897 481 658
0 0 0 0 0 1 0 1 4 3 0 8 4 23 63 32 83 89 118 290 153 288 510 300 360
0 0 0 0 0 0 1 2 4 6 2 24 11 39 90 35 136 130 146 419 201 423 747 452 557
0 0 1 2 0 3 1 2 1 6 2 22 24 49 106 43 166 145 203 567 268 551 949 578 635
0 1 0 0 0 0 1 1 2 5 6 26 12 32 84 44 172 151 187 499 223 574 847 477 589
0 0 0 1 0 0 0 1 1 1 1 6 8 14 24 11 46 43 42 106 68 129 231 132 158
0.36 -19.596 -1.9 -6.3068038 -2.4001
0 0 0 0 0 0 0 0 0 0 0 0 0 0 0 0 0 0 0 0 0 0 0 0 0
0 0 0 0 0 0 0 0 0 0 0 0 0 0 0 0 0 0 0 0 0 0 0 0 1
0 0 0 0 0 0 0 0 0 0 0 0 0 0 0 0 0 0 0 0 0 0 0 1 0
0 0 0 0 0 0 0 0 0 0 0 0 0 0 0 0 0 0 0 0 0 0 0 1 0
0 0 0 0 0 0 0 0 0 0 0 0 0 1 0 0 0 0 0 0 0 0 0 0 0
0 0 0 0 0 0 0 0 0 0 0 0 0 1 0 0 0 0 0 0 0 1 0 0 0
0 0 0 0 0 0 0 0 0 0 0 0 0 0 0 0 0 0 0 2 0 0 1 0 0
0 0 0 0 0 0 0 0 0 0 0 0 0 0 0 0 0 0 0 0 1 3 0 1 0
0 0 0 0 0 0 0 0 0 0 0 0 0 0 0 0 2 1 0 2 3 0 5 3 3
0 0 0 0 0 0 0 0 0 0 0 0 0 1 1 1 2 0 1 2 2 2 4 5 3
0 0 0 0 0 0 0 0 0 0 0 0 0 0 0 2 1 1 4 2 2 8 13 6 10
0 0 0 0 0 0 0 0 0 0 0 1 0 0 3 0 3 3 2 11 3 10 25 14 12
0 0 0 0 1 0 0 0 1 1 0 0 0 1 2 1 4 4 8 11 3 14 28 26 19
0 0 0 0 0 0 0 0 0 1 0 1 1 1 4 3 12 6 9 27 17 36 61 37 36
0 0 0 0 0 0 0 0 0 1 1 1 0 3 11 8 22 19 18 51 19 39 78 48 54
0 0 0 0 0 0 0 0 0 0 0 5 2 2 13 8 24 32 24 67 32 72 131 75 88
0 0 0 0 0 0 0 1 0 0 0 5 3 6 18 12 38 27 39 89 66 114 169 92 126
0 0 0 1 0 0 1 2 0 5 2 13 9 15 53 17 75 85 125 269 156 310 466 320 341
0 0 1 0 1 0 2 3 0 1 2 4 1 11 40 20 73 62 72 190 90 198 372 191 262
0 0 0 0 0 0 1 1 3 0 0 15 15 14 60 41 110 113 143 330 179 372 618 405 455
0 0 0 0 1 0 0 4 3 5 5 21 17 38 96 53 157 143 215 483 269 664 998 564 744
0 0 0 0 0 1 1 2 1 2 2 28 17 26 98 37 145 124 174 446 220 484 838 434 561
0 0 0 0 2 1 1 2 6 7 7 29 22 45 127 63 167 145 210 510 266 642 971 606 707
0 1 0 1 0 0 2 0 2 3 7 39 28 36 117 55 181 148 231 574 246 630 925 566 661
0 0 0 1 0 0 0 0 2 5 3 12 4 15 37 16 60 61 87 189 115 220 336 220 239
0.38 -18.324 -1.9 -6.5964594 -2.4001
0 0 0 0 0 0 0 0 0 0 0 0 0 0 0 0 0 0 0 0 0 0 0 0 0
0 0 0 0 0 0 0 0 0 0 0 0 0 0 0 0 1 0 0 0 0 0 0 0 0
0 0 0 0 0 0 0 0 0 0 0 0 0 0 0 0 0 0 0 0 0 0 0 0 0
0 0 0 0 0 0 0 0 0 0 0 0 0 0 0 0 0 0 0 1 0 0 0 0 0
0 0 0 0 0 0 0 0 0 0 0 0 0 0 0 0 0 0 0 0 0 0 0 0 0
0 0 0 0 0 0 0 0 0 0 0 0 0 0 0 0 0 0 0 1 0 0 0 0 1
0 0 0 0 0 0 0 0 0 0 0 0 0 0 0 0 0 0 0 0 0 0 2 1 0
0 0 0 0 0 0 0 0 0 0 0 0 0 0 0 0 0 1 1 1 0 1 2 1 0
0 0 0 0 0 0 0 0 0 0 0 0 1 0 0 0 1 1 0 1 0 0 1 0 0
0 0 0 0 0 0 0 0 0 0 1 0 0 1 0 0 0 0 1 1 1 6 4 4 0
0 0 0 0 0 0 0 0 0 0 0 0 0 1 0 0 4 1 2 3 1 3 1 2 4
0 0 0 0 0 0 0 0 0 0 0 1 1 5 1 3 5 2 2 7 10 7 10 8 7
0 0 0 0 0 0 0 0 0 1 0 1 2 1 0 1 4 4 2 10 8 9 20 12 8
0 0 0 0 0 0 0 0 1 0 0 0 1 3 5 3 3 11 10 26 11 23 31 22 26
0 0 0 0 0 0 0 0 0 0 1 0 4 8 3 11 9 15 12 46 30 39 84 59 56
0 0 0 0 0 0 0 0 1 0 1 0 0 6 5 8 13 11 13 42 27 44 81 50 60
0 0 0 0 0 0 0 1 3 0 4 2 5 13 5 15 32 15 30 56 53 79 185 87 99
0 0 0 0 0 0 0 0 2 4 5 3 15 22 18 24 56 54 73 162 111 198 307 240 235
0 0 0 0 0 0 1 0 0 3 4 5 17 40 20 46 69 80 84 222 143 262 405 313 280
0 1 0 1 1 0 2 0 4 4 13 6 27 64 31 57 123 121 135 300 231 423 677 427 424
0 0 0 0 0 1 0 0 1 5 17 7 27 58 34 83 140 113 170 383 260 459 817 598 531
0 0 0 0 1 2 1 0 2 3 21 10 22 76 37 83 160 141 170 412 257 484 865 624 590
0 0 0 0 1 2 3 0 2 9 21 12 34 82 53 95 170 162 208 504 310 614 1023 735 662
0 0 0 0 1 1 3 0 2 9 17 7 46 100 56 114 228 190 250 594 389 745 1176 858 746
0 0 0 0 0 1 2 0 1 3 7 3 16 37 22 36 65 60 79 227 125 254 398 283 262
0.40 -20.656 -1.9 -6.0225436 -2.4001
0 0 0 0 0 0 0 0 0 0 0 0 0 0 0 0 0 0 0 0 0 0 0 0 0
0 0 0 0 0 0 0 0 0 0 0 0 0 0 0 0 0 0 0 0 0 1 0 0 0
0 0 0 0 0 0 0 0 0 0 0 0 0 0 0 0 0 0 0 0 0 0 0 0 0
0 0 0 0 0 0 0 0 0 0 0 0 0 0 1 0 0 0 0 0 1 0 0 3 2
0 0 0 0 0 0 0 0 0 0 0 0 0 0 0 0 0 0 0 0 0 0 1 2 0
0 0 0 0 0 0 0 0 0 0 0 0 0 0 0 0 0 0 0 0 1 3 1 2 1
0 0 0 0 0 0 0 0 0 0 0 0 0 0 0 1 0 0 2 0 2 1 1 4 3
0 0 0 0 0 0 0 0 0 0 0 0 1 1 0 0 0 0 0 3 3 0 0 4 5
0 0 0 0 0 0 0 0 0 0 0 0 0 0 1 1 0 1 0 5 1 10 3 5 1
0 0 0 0 0 0 0 1 0 0 0 0 0 0 3 6 1 2 2 4 5 11 8 26 13
0 0 0 0 0 0 0 0 0 1 0 0 0 1 1 0 2 3 4 6 4 11 6 28 7
0 0 0 0 0 0 0 0 0 0 0 0 0 1 1 3 2 10 2 12 3 21 18 30 22
0 0 0 0 0 0 0 0 0 0 0 0 0 0 2 6 5 7 5 36 22 45 26 82 53
0 0 0 0 0 0 0 0 0 1 0 0 2 0 4 9 4 24 18 38 20 68 57 108 74
0 0 0 0 0 0 0 0 0 0 0 1 1 3 7 6 6 32 21 63 41 103 66 160 102
0 0 0 0 0 0 0 0 0 0 0 1 0 1 7 10 13 22 32 60 49 116 80 220 136
0 0 0 0 0 0 0 0 0 1 3 1 5 3 4 30 23 56 33 151 88 238 170 434 229
0 0 0 0 1 1 0 1 1 0 0 0 7 9 12 38 19 78 79 163 126 322 168 471 324
0 0 1 0 0 1 1 0 2 3 4 7 3 9 22 69 38 119 89 264 167 461 260 760 450
0 0 0 0 0 0 0 1 0 1 0 8 14 11 22 64 41 118 106 325 198 495 300 837 530
0 0 0 0 0 0 0 0 1 3 5 3 14 17 30 74 42 185 126 326 243 641 366 971 626
0 1 0 0 1 0 0 0 0 1 3 3 10 18 31 87 45 118 101 340 233 561 333 848 549
0 0 0 0 0 1 1 2 1 2 1 9 18 15 46 92 72 195 168 484 322 806 453 1300 770
0 0 0 0 0 0 0 0 1 0 3 7 16 15 28 95 45 172 132 434 297 684 389 1098 650
0 0 0 0 0 1 0 0 0 1 2 0 6 6 5 19 14 63 50 139 91 220 129 329 207
0.42 -19.702 -1.9 -5.9656534 -2.4001
0 0 0 0 0 0 0 0 0 0 0 0 0 0 0 0 0 0 0 0 0 0 0 0 0
0 0 0 0 0 0 0 0 0 0 0 0 0 0 0 0 0 0 0 0 0 1 0 0 1
0 0 0 0 0 0 0 0 0 0 0 0 0 0 0 0 0 0 0 0 0 1 0 0 0
0 0 0 0 0 0 0 0 0 0 0 0 0 0 0 0 0 0 0 1 0 0 1 0 2
0 0 0 0 0 0 0 0 0 0 0 0 0 0 0 0 1 0 0 1 1 0 1 1 2
0 0 0 0 0 0 0 0 0 0 0 0 0 0 0 1 0 1 0 0 1 3 2 0 0
0 0 0 0 0 0 0 0 0 0 0 0 0 0 0 0 3 0 1 4 2 5 7 2 9
0 0 0 0 0 0 0 0 0 0 0 0 0 0 1 0 1 1 1 2 2 3 4 5 3
0 0 0 0 0 0 0 0 0 0 0 0 0 0 1 1 0 0 3 5 4 3 6 6 8
0 0 0 0 0 0 0 0 0 0 0 0 0 2 0 0 4 4 6 11 7 16 27 21 14
0 0 0 0 0 0 0 0 0 0 0 0 0 2 0 0 1 1 5 15 5 15 17 13 17
0 0 0 0 0 0 0 0 0 0 0 0 1 1 0 2 3 5 9 18 17 32 35 17 37
0 0 0 0 0 0 0 0 1 0 0 3 0 0 8 5 11 10 18 28 28 40 69 49 62
0 0 0 0 0 0 0 0 0 1 1 0 2 4 6 3 13 9 13 34 38 52 91 56 79
0 0 0 0 0 0 1 0 0 0 0 2 2 9 5 6 28 20 33 47 40 99 100 125 113
0 0 0 0 0 0 0 1 1 1 0 2 3 7 10 9 19 22 30 79 54 103 150 145 131
0 0 0 0 0 0 1 0 0 3 1 2 2 12 16 11 66 24 76 146 96 278 366 270 297
0 1 0 1 0 0 0 0 0 0 0 5 5 6 30 14 65 41 85 189 101 229 330 267 288
0 0 0 0 0 0 2 3 0 0 1 9 6 16 42 25 95 76 111 256 184 402 576 438 444
0 0 0 0 0 0 0 0 1 2 1 6 5 24 46 32 119 82 146 316 191 479 630 477 535
0 0 0 0 0 0 0 0 1 3 1 9 6 23 53 35 134 95 174 388 208 548 745 583 621
0 0 0 0 0 0 0 0 1 1 2 8 6 22 49 28 116 96 151 323 214 484 637 520 580
0 1 0 0 0 0 0 1 5 2 0 16 5 30 53 43 156 114 205 439 292 692 902 780 863
0 0 0 0 0 0 1 0 0 2 6 14 10 35 51 35 132 107 200 376 239 593 864 606 665
0 0 0 0 0 0 0 0 1 1 0 0 4 8 17 13 42 24 63 113 51 195 238 220 190
0.44 -17.476 -1.9 -5.9656576 -2.40003
0 0 0 0 0 0 0 0 0 0 0 0 0 0 0 0 0 0 0 0 0 0 0 0 0
0 0 0 0 0 0 0 0 0 0 0 0 0 0 0 0 0 0 0 0 1 0 0 0 0
0 0 0 0 0 0 0 0 0 0 0 0 0 0 0 0 0 0 0 2 0 0 1 2 0
0 0 0 0 0 0 0 0 0 0 0 1 0 0 0 0 0 1 0 0 3 0 1 0 0
0 0 0 0 0 0 0 0 0 0 0 0 0 0 0 0 0 0 1 0 0 0 2 0 0
0 0 0 0 0 0 0 0 0 0 0 0 0 0 0 0 0 1 1 0 0 1 2 0 0
0 0 0 0 0 0 0 0 0 1 0 0 0 0 0 1 1 0 3 1 4 5 8 2 4
0 0 0 0 0 0 0 0 0 0 0 1 0 0 0 2 0 1 2 1 4 1 7 4 7
0 0 0 0 0 0 0 0 0 0 0 0 0 0 0 1 0 0 2 0 2 10 8 6 4
0 0 0 0 0 0 0 0 0 0 0 0 0 1 2 6 4 3 10 6 18 18 29 11 18
0 0 0 0 0 0 0 0 0 0 0 1 0 1 1 4 3 1 9 6 12 17 26 17 15
0 0 0 0 0 0 0 0 0 0 0 0 0 2 1 2 5 4 7 9 12 25 33 17 21
0 0 0 0 1 0 0 1 0 2 0 0 1 7 4 13 7 17 28 16 33 55 76 53 68
0 0 0 0 0 0 0 0 1 2 0 1 4 2 3 10 10 3 26 14 38 47 91 45 69
0 0 0 0 0 0 1 1 0 2 0 7 4 12 4 24 13 22 44 43 56 80 125 86 99
0 0 0 0 1 0 0 1 0 1 0 3 4 16 6 26 17 35 61 34 74 93 182 110 129
0 0 0 1 0 0 0 1 2 4 1 10 5 29 21 57 42 68 139 107 154 226 379 266 312
0 0 0 0 0 0 0 0 0 1 1 14 7 18 14 71 46 64 120 89 164 220 346 239 252
0 0 0 1 0 0 1 1 1 3 2 19 5 29 20 85 64 117 170 162 233 307 628 382 448
0 0 0 1 0 0 0 1 0 11 2 11 10 31 30 79 77 120 187 155 293 380 654 469 463
0 0 0 0 0 1 0 3 2 11 4 21 12 36 34 98 93 129 238 197 281 457 751 493 577
0 0 0 0 0 1 0 0 1 7 2 26 9 27 28 99 82 105 240 193 300 424 742 497 532
0 1 1 0 1 1 0 1 3 12 4 27 14 65 51 155 105 210 349 249 365 580 987 644 679
0 1 1 0 0 1 2 2 1 6 1 27 10 50 40 115 98 154 299 211 325 487 861 603 571
0 0 0 0 0 0 1 0 1 6 0 7 4 9 16 39 28 46 62 72 93 140 253 180 176
0.46 -17.688 -1.9 -6.0651132 -2.4001
0 0 0 0 0 0 0 0 0 0 0 0 0 0 0 0 0 0 0 0 0 0 0 0 0
0 0 0 0 0 0 0 0 0 0 0 0 0 1 0 0 0 0 0 0 0 0 0 0 0
0 0 0 0 0 0 0 0 0 0 0 0 0 0 0 0 0 0 1 0 0 0 0 0 1
0 0 0 0 0 0 0 0 0 0 0 0 0 0 0 0 0 0 1 1 0 0 0 1 2
0 0 0 0 0 0 0 0 0 0 0 0 0 2 0 1 0 0 0 1 0 1 2 1 3
0 0 0 0 0 0 0 0 0 0 0 0 0 0 0 0 0 0 0 0 1 0 5 3 2
0 0 0 0 0 0 0 0 0 0 0 0 0 0 0 0 0 2 4 1 0 0 8 3 4
0 0 0 0 0 0 0 0 0 0 0 0 0 0 0 2 2 0 3 2 0 4 6 2 2
0 0 0 0 0 0 0 0 0 0 0 1 1 1 1 2 2 2 3 2 5 5 10 4 2
0 0 0 0 0 0 0 0 0 0 1 0 0 1 1 2 0 3 3 5 7 14 23 15 15
0 0 0 0 0 0 0 0 0 0 0 0 0 0 2 3 1 4 5 2 12 16 19 15 18
0 0 0 0 0 0 0 0 0 0 0 0 1 2 0 3 2 10 9 8 16 18 21 33 25
0 0 0 0 0 0 0 0 0 2 0 0 4 3 2 11 2 18 16 15 21 41 75 51 48
0 0 0 0 0 0 0 1 0 1 0 0 2 3 3 14 12 22 34 29 30 64 104 73 88
0 0 0 0 0 0 0 0 1 2 1 2 2 5 4 19 2 23 27 25 35 91 112 77 114
0 0 0 0 1 0 0 0 0 2 3 2 2 15 11 27 22 36 70 53 47 122 171 140 132
0 0 0 0 0 1 1 0 0 0 1 4 17 10 5 50 27 61 87 73 96 213 291 238 249
0 1 0 0 0 0 0 0 2 4 2 2 6 21 15 44 28 85 146 120 116 249 360 294 275
0 0 0 0 0 0 1 1 3 5 3 5 12 24 16 81 39 128 165 136 194 366 533 471 482
0 0 0 0 0 0 0 2 2 5 7 7 21 39 22 80 58 123 177 152 197 462 662 519 447
0 0 0 0 0 0 0 0 1 6 3 8 24 31 36 113 58 165 227 207 253 503 801 592 526
0 0 0 0 0 0 1 0 1 2 4 5 19 33 30 102 62 129 211 193 201 525 744 521 497
0 0 0 0 1 0 1 1 4 7 7 5 24 39 28 146 79 188 286 258 279 725 940 722 716
0 0 0 0 1 0 0 2 2 6 3 9 24 43 28 110 75 170 261 219 228 613 803 619 624
0 0 1 0 0 0 0 0 0 2 1 0 8 14 11 41 28 57 79 72 80 194 255 199 173
0.48 -19.596 -1.9 -6.2568354 -2.4001
0 0 0 0 0 0 0 0 0 0 0 0 0 0 0 0 0 0 0 0 0 0 0 0 0
0 0 0 0 0 0 0 0 0 0 0 0 0 0 0 0 0 0 0 0 0 0 0 0 1
0 0 0 0 0 0 0 0 0 0 0 0 0 0 0 0 0 0 0 0 0 2 0 0 0
0 0 0 0 0 0 0 0 0 0 0 0 0 0 0 0 0 0 0 0 0 1 0 0 0
0 0 0 0 0 0 0 0 0 0 0 0 0 0 0 0 0 1 0 1 1 0 1 2 3
0 0 0 0 0 0 0 0 0 0 0 0 0 0 0 0 0 1 0 1 3 0 2 1 1
0 0 0 0 0 0 0 0 0 0 0 0 0 0 0 0 0 0 1 1 1 4 3 3 2
0 0 0 0 0 0 0 0 0 0 0 0 0 0 0 0 1 0 1 2 4 3 8 3 2
0 0 0 0 0 0 0 0 0 0 0 0 0 0 0 1 1 1 3 2 6 4 6 6 5
0 0 0 0 0 0 0 0 0 0 0 0 0 0 0 0 1 2 5 5 1 7 13 22 4
0 0 0 0 0 0 0 0 0 0 0 0 0 1 2 1 2 4 5 12 11 24 28 32 26
0 0 0 0 0 0 0 0 0 0 0 0 0 0 2 1 3 4 6 10 9 19 25 27 24
0 0 0 0 0 0 0 0 0 0 0 1 0 0 2 3 3 2 8 10 10 38 39 53 41
0 0 0 0 0 0 0 0 0 0 0 1 0 2 9 4 7 13 22 36 35 61 81 106 87
0 0 0 0 0 0 0 0 0 0 0 1 1 2 5 7 17 5 27 49 30 102 96 96 101
0 0 0 0 0 0 1 0 0 0 0 0 2 2 9 7 21 17 34 57 45 128 148 154 144
0 0 0 0 0 0 0 0 0 0 1 2 0 5 10 7 34 26 59 113 81 196 239 251 231
0 1 0 1 0 0 0 0 0 1 1 3 2 9 19 15 54 38 96 166 151 310 354 406 342
0 0 0 0 0 0 0 0 0 0 0 6 5 11 22 16 69 31 108 148 145 338 364 378 330
0 0 0 0 0 1 0 0 0 1 3 6 2 10 32 17 86 60 141 189 172 435 506 566 484
0 0 0 1 0 1 0 1 1 3 1 5 4 18 38 34 133 86 199 320 270 647 732 845 734
0 0 0 0 0 0 1 0 0 1 1 9 3 16 30 29 83 68 156 248 231 509 575 665 553
0 0 0 0 0 2 0 1 2 1 2 6 9 19 48 44 134 77 223 375 279 668 851 905 836
0 0 0 0 0 0 0 0 0 1 0 8 7 15 43 25 111 74 168 283 240 633 709 800 669
0 0 0 0 0 0 0 0 0 0 0 3 4 6 11 14 24 35 70 102 96 214 225 266 227
0.50 -16.84 -1.9 -6.3531258 -2.4001
0 0 0 0 0 0 0 0 0 0 0 0 0 0 0 0 0 0 0 0 0 0 0 0 0
0 0 0 0 0 0 0 0 0 0 0 0 0 0 0 0 0 0 0 0 0 0 1 0 0
0 0 0 0 0 0 0 0 0 0 0 0 0 0 0 0 0 0 0 1 0 0 1 0 0
0 0 0 0 0 0 0 0 0 0 0 0 0 0 0 0 0 0 0 1 0 1 2 1 0
0 0 0 0 0 0 0 0 0 0 0 0 0 0 0 0 0 0 1 0 0 1 1 0 3
0 0 0 0 0 0 0 0 0 0 0 0 0 0 0 0 0 0 0 1 2 1 3 2 0
0 0 0 0 0 0 0 0 0 0 0 0 0 0 0 0 0 0 1 0 1 0 4 1 1
0 0 0 0 0 0 0 0 0 0 0 0 0 0 0 3 0 1 0 2 2 1 3 10 0
0 1 0 0 0 0 0 0 0 0 0 0 0 1 1 1 1 1 1 5 3 1 9 7 7
0 0 0 0 0 0 0 0 0 0 0 0 1 0 0 1 0 5 5 2 10 1 10 15 5
0 0 0 0 0 0 0 0 0 0 0 0 1 1 2 1 3 5 2 6 18 15 19 27 18
0 0 0 0 0 0 0 0 0 0 0 0 1 1 1 4 3 6 7 10 15 10 23 24 27
0 0 0 0 0 0 0 0 1 0 0 0 1 4 2 4 1 8 23 12 35 20 56 41 27
0 0 0 0 0 0 0 1 0 0 3 1 5 1 4 12 10 16 33 17 49 42 72 75 75
0 0 0 0 0 0 0 0 1 1 0 2 4 3 6 14 7 21 23 19 62 42 79 87 75
0 0 0 0 0 0 0 0 0 0 0 1 5 5 8 18 11 40 41 38 93 61 142 133 123
0 0 0 0 0 0 1 0 1 0 3 3 7 14 12 28 21 51 60 50 112 91 224 194 152
0 0 0 0 0 0 1 0 0 3 2 6 9 24 21 55 38 84 151 121 255 221 399 402 319
0 0 0 0 0 0 0 0 1 3 2 4 10 13 21 48 32 77 111 87 222 181 334 345 284
0 0 0 0 1 0 1 3 5 2 3 14 17 18 35 72 58 132 171 153 346 281 554 510 418
0 0 0 0 0 1 0 0 8 2 3 19 35 42 41 108 76 186 251 198 491 407 737 725 563
0 1 0 0 0 0 0 2 6 2 6 16 17 20 20 75 63 153 223 154 390 313 571 590 451
0 0 0 0 0 1 1 0 2 3 6 21 28 37 41 103 85 179 283 254 565 402 847 806 631
0 0 0 1 0 0 0 1 2 1 2 11 21 29 35 119 70 189 294 207 516 350 704 740 554
0 0 0 0 1 0 0 1 1 2 2 8 7 13 12 24 18 60 90 66 182 120 263 255 197
0.52 -17.264 -1.9 -6.314811 -2.40003
0 0 0 0 0 0 0 0 0 0 0 0 0 0 0 0 0 0 0 0 0 0 0 0 0
0 0 0 0 0 0 0 0 0 0 0 0 0 0 0 0 0 0 0 0 0 0 0 1 0
0 0 0 0 0 0 0 0 0 0 0 0 0 0 0 0 0 0 0 0 0 1 0 1 2
0 0 0 0 0 0 0 0 0 0 0 0 0 0 0 0 0 2 1 0 0 0 0 1 1
0 0 0 0 0 0 0 0 0 0 0 0 0 0 0 0 0 0 0 0 0 1 1 1 0
0 0 0 0 0 0 0 0 0 0 0 0 0 0 0 0 0 0 1 0 2 1 2 4 4
0 0 0 0 0 0 0 0 0 0 0 0 0 0 0 0 0 0 1 2 1 3 1 1 3
0 0 0 0 0 0 0 0 0 0 0 0 0 0 0 1 0 0 1 3 2 3 5 6 4
0 0 0 0 0 0 0 0 0 0 0 1 0 0 0 0 0 2 3 5 2 3 9 6 6
0 0 0 0 0 0 0 0 0 0 0 0 0 0 1 3 3 2 3 4 5 20 16 7 13
0 0 0 0 0 0 0 0 0 0 0 0 0 3 0 1 1 7 12 6 9 8 32 26 26
0 0 0 0 0 0 0 0 0 0 0 2 0 1 0 6 2 5 15 6 12 21 27 30 30
0 0 0 0 0 0 0 0 0 0 0 0 0 3 0 8 1 17 12 17 18 25 35 54 40
0 0 0 0 0 0 0 0 0 0 0 3 0 9 3 8 6 17 28 24 34 61 83 90 78
0 0 0 0 0 0 0 1 0 0 0 0 0 4 1 18 5 25 34 21 45 56 105 108 88
0 0 0 0 0 0 0 0 0 1 0 6 2 6 4 16 5 35 50 54 57 89 167 172 127
0 0 0 0 0 0 0 0 0 1 2 4 2 14 3 20 22 41 78 67 85 162 217 240 191
0 0 0 0 0 0 1 0 1 2 1 12 5 18 7 41 35 90 128 100 128 262 360 406 303
0 0 0 0 0 0 0 2 1 2 1 2 4 19 6 37 24 72 127 106 144 229 371 431 324
0 0 0 0 0 2 0 0 0 1 0 11 3 23 13 66 31 137 185 154 213 385 561 597 445
0 0 0 1 0 0 0 0 3 6 0 18 11 42 17 84 67 165 224 207 292 546 753 843 629
0 0 0 0 0 0 0 1 2 1 3 15 7 47 15 75 33 182 187 208 238 417 560 699 522
0 0 0 0 0 0 0 0 1 4 3 13 9 40 23 93 64 187 253 237 271 570 787 854 641
0 1 0 0 0 0 1 1 1 5 2 14 5 37 22 79 75 166 271 211 266 538 674 797 566
0 0 0 0 0 0 0 0 0 1 0 4 1 15 9 25 24 64 73 79 90 155 225 274 202
0.54 -14.826 -1.9 -6.8094706 -2.40003
0 0 0 0 0 0 0 0 0 0 0 0 0 0 0 0 0 0 0 0 0 0 0 0 0
0 0 0 0 0 0 0 0 0 0 0 0 0 0 0 0 0 0 0 0 0 0 0 1 0
0 0 0 0 0 0 0 0 0 0 0 0 0 0 0 0 0 0 0 0 0 0 0 0 0
0 0 0 0 0 0 0 0 0 0 0 0 0 0 0 0 0 0 0 0 0 0 0 0 0
0 0 0 0 0 0 0 0 0 0 0 0 0 0 0 0 0 0 0 1 0 0 0 0 0
0 0 0 0 0 0 0 0 0 0 0 0 0 0 0 0 0 0 0 0 2 1 2 0 0
0 0 0 0 0 0 0 0 0 0 0 1 0 0 0 1 0 2 1 3 2 0 1 2 1
0 0 0 0 0 0 0 0 0 0 0 0 0 1 0 0 3 1 0 2 1 2 1 3 1
0 0 0 0 0 0 0 0 0 0 1 1 0 0 0 0 1 0 1 1 4 0 1 3 2
0 0 0 0 0 0 0 0 0 0 0 0 0 0 0 0 0 4 2 4 3 2 6 10 8
0 0 0 0 0 0 0 0 1 0 0 1 1 1 1 0 2 2 1 4 8 8 8 15 13
0 0 0 0 0 0 0 0 0 0 0 0 0 1 0 1 5 9 5 2 17 8 19 16 9
0 0 0 0 0 0 0 0 0 2 1 3 0 5 4 4 7 8 12 19 30 18 26 38 26
0 0 0 0 0 0 1 0 1 1 3 2 2 3 2 5 8 11 8 11 43 23 35 44 29
0 0 0 0 0 0 0 0 0 1 0 1 3 10 7 6 23 21 9 33 62 39 69 102 60
0 0 1 0 1 0 1 0 0 2 4 6 0 13 4 5 20 32 26 45 95 51 102 120 118
0 0 0 1 0 0 1 2 1 3 7 6 0 22 20 8 46 38 31 61 128 70 137 157 124
0 0 0 0 1 0 0 2 2 3 4 8 4 35 11 11 56 62 54 95 187 109 218 268 217
0 1 0 1 1 0 0 2 1 1 11 14 7 46 35 29 107 98 87 152 287 154 339 430 318
0 0 0 0 0 0 0 1 1 6 13 20 14 61 30 41 114 127 109 173 383 239 429 502 382
0 0 0 0 1 0 1 2 5 7 15 24 9 80 48 45 135 180 122 196 449 267 556 687 520
0 0 0 0 1 0 0 0 1 4 16 24 6 70 52 41 152 188 120 224 494 258 615 684 512
0 0 0 0 0 1 7 2 1 13 28 34 17 96 52 39 179 212 164 265 556 314 692 779 640
0 1 0 0 1 1 2 2 1 15 20 25 11 100 56 63 212 234 165 280 605 378 717 837 624
0 0 0 0 1 0 2 0 2 3 8 17 8 32 23 22 82 86 66 118 256 145 260 320 230
0.56 -16.31 -1.9 -6.4516952 -2.4001
0 0 0 0 0 0 0 0 0 0 0 0 0 0 0 0 0 0 0 0 0 0 0 0 0
0 0 0 0 0 0 0 0 0 0 0 0 0 0 0 0 0 0 0 0 0 0 1 1 0
0 0 0 0 0 0 0 0 0 0 0 0 0 0 0 0 0 0 0 0 0 0 0 0 1
0 0 0 0 0 0 0 0 0 0 0 0 0 0 0 0 0 0 0 0 0 0 1 0 1
0 0 0 0 0 0 0 0 0 0 0 0 0 0 0 0 1 0 1 0 0 2 0 1 1
0 0 0 0 0 0 0 0 0 0 0 0 0 0 0 0 0 0 0 1 1 2 0 4 2
0 0 0 0 0 0 0 0 0 0 0 0 0 0 1 0 1 0 1 1 1 0 4 4 4
0 0 0 0 0 0 0 0 0 0 0 0 1 0 0 0 0 2 1 0 2 5 7 12 3
0 0 0 0 0 0 0 0 0 0 0 0 1 1 3 1 0 2 7 1 3 3 13 12 16
0 0 0 0 0 0 0 0 0 0 0 0 0 0 4 0 0 1 4 4 9 9 14 16 14
0 0 0 0 0 0 0 0 0 0 0 0 1 2 3 1 1 7 5 11 12 15 19 41 23
0 0 0 0 0 0 0 0 0 0 1 0 3 1 2 2 1 7 8 13 20 21 34 33 26
0 0 0 0 0 0 0 0 0 0 1 1 2 1 10 4 3 15 7 16 20 16 37 61 42
0 0 0 0 0 0 0 0 1 0 3 0 1 0 13 4 4 14 22 27 38 54 73 105 59
0 1 0 0 0 0 0 0 1 0 0 2 1 4 21 15 8 16 32 49 59 56 100 160 82
0 0 0 0 0 0 0 1 0 1 0 2 1 5 15 12 11 44 39 63 83 70 124 167 112
0 0 0 0 0 0 0 0 0 0 2 1 5 7 18 27 13 46 57 72 92 88 183 257 140
0 0 0 0 0 1 1 1 0 1 10 3 8 9 27 26 15 76 94 148 198 226 314 460 293
0 1 0 0 0 0 1 1 0 1 3 0 11 9 37 19 30 92 98 138 168 216 305 430 252
0 0 0 0 0 0 0 0 0 2 9 0 11 24 62 41 36 137 142 220 291 297 472 667 410
0 0 0 0 1 1 0 1 5 2 7 4 17 25 67 50 32 182 172 304 361 391 579 790 500
0 0 0 0 1 0 0 1 2 1 5 4 12 16 61 42 36 141 167 237 265 305 505 648 418
0 0 0 0 0 0 2 1 1 1 16 6 11 27 67 76 56 167 210 311 407 414 604 924 562
0 0 0 0 0 0 0 0 4 0 7 8 10 34 59 58 42 146 202 312 386 392 592 917 529
0 0 0 0 0 0 0 0 1 1 7 3 7 7 14 16 15 64 78 97 150 133 201 296 176
0.58 -14.614 -1.9 -6.5769236 -2.4001
0 0 0 0 0 0 0 0 0 0 0 0 0 0 0 0 0 0 0 0 0 0 0 0 0
0 0 0 0 0 0 0 0 0 1 0 0 0 0 0 0 0 0 0 0 0 0 0 0 0
0 0 0 0 0 0 0 0 0 0 0 0 0 0 0 0 0 1 0 0 0 0 0 0 0
0 0 0 0 0 0 0 0 0 0 0 0 0 0 0 0 0 0 0 0 0 0 0 1 0
0 0 0 0 0 0 0 0 0 0 0 0 0 0 0 0 1 0 0 1 1 0 1 1 0
0 0 0 0 0 0 0 0 0 0 0 0 0 0 0 0 0 0 1 0 1 1 0 0 2
0 0 0 0 0 0 0 0 0 0 0 0 0 0 0 0 1 2 1 2 3 0 4 1 1
0 0 0 0 0 0 0 0 0 0 0 0 0 0 1 0 2 3 2 2 8 3 3 6 3
0 0 0 0 0 0 0 0 0 0 0 0 0 1 0 0 1 3 4 1 6 3 7 14 4
0 0 0 0 0 0 0 0 0 0 0 0 0 0 0 1 7 2 5 4 14 3 12 12 12
0 0 0 0 0 0 0 0 0 0 0 1 0 5 1 1 4 6 5 5 21 9 13 19 17
0 0 0 0 0 0 0 1 1 0 1 1 1 3 7 4 7 6 12 5 26 7 35 46 21
0 0 0 0 0 0 0 0 1 2 1 0 1 4 3 4 5 9 19 9 39 18 42 39 35
0 0 0 0 0 0 0 0 0 1 1 3 2 7 3 3 13 13 28 12 42 28 51 86 43
0 0 0 0 0 0 0 0 2 0 4 4 4 9 11 6 21 25 35 29 91 55 94 118 115
0 0 0 0 1 1 1 0 1 0 1 4 1 10 5 13 25 19 45 23 76 55 105 134 95
0 0 0 1 0 0 0 0 3 0 3 7 2 12 16 17 40 37 50 31 144 80 167 223 147
0 0 0 0 0 0 0 0 4 1 8 11 4 27 23 28 59 77 98 71 210 139 271 373 250
0 0 1 0 0 0 0 0 3 0 3 10 6 24 20 28 82 86 118 84 216 127 297 408 286
0 0 0 1 1 1 3 0 8 2 7 17 12 45 27 42 86 111 168 96 317 193 413 592 392
0 0 0 1 0 1 2 3 6 2 12 18 11 49 34 54 141 164 250 136 424 282 529 659 499
0 0 0 0 0 0 0 0 3 1 11 23 7 55 40 52 107 148 217 148 428 257 481 662 422
0 0 0 0 0 1 0 2 10 1 9 16 12 59 53 75 141 167 259 156 497 283 595 818 548
0 1 0 2 1 2 4 0 7 3 11 24 18 50 59 68 148 172 278 121 529 313 567 857 552
0 0 0 0 0 0 0 0 5 0 2 6 6 21 24 24 58 55 92 55 146 117 182 290 157
0.60 -19.172 -1.9 -6.55148 -2.40016
0 0 0 0 0 0 0 0 0 0 0 0 0 0 0 0 0 0 0 0 0 0 0 0 0
0 0 0 0 0 0 0 0 0 0 0 0 0 0 0 1 0 0 0 0 0 0 0 1 0
0 0 0 0 0 0 0 0 0 0 0 0 0 0 0 0 0 0 0 0 1 0 0 0 0
0 0 0 0 0 0 0 0 0 0 0 0 0 0 0 0 0 0 1 0 2 0 0 0 1
0 0 0 0 0 0 0 0 0 0 0 0 0 0 0 0 0 0 0 0 0 1 0 1 1
0 0 0 0 0 0 0 0 0 0 0 0 0 0 0 0 0 1 0 2 2 3 0 4 2
0 0 0 0 0 0 0 0 0 0 0 0 0 0 0 0 0 1 0 0 2 3 3 6 4
0 0 0 0 0 0 0 0 0 0 0 0 0 0 0 0 0 1 2 1 4 3 1 5 3
0 0 0 0 0 0 0 0 0 0 0 0 0 0 0 0 1 1 0 4 6 9 6 20 4
0 0 0 0 0 0 0 0 0 0 0 0 0 0 0 0 1 1 7 4 6 16 10 14 13
0 0 0 0 0 0 0 0 0 0 0 0 0 0 1 1 0 0 5 5 12 16 25 25 23
0 0 0 0 0 0 0 0 0 0 0 0 0 0 0 1 3 3 13 11 17 29 27 55 33
0 0 0 0 0 0 0 0 0 0 0 0 0 1 0 3 2 2 13 6 27 35 32 88 41
0 0 0 0 0 0 0 0 0 0 0 0 0 0 0 1 7 7 10 15 29 58 60 104 69
0 0 0 0 0 0 0 0 0 0 0 0 0 0 1 9 10 7 42 26 59 100 109 182 127
0 0 0 0 0 0 0 0 0 0 0 0 0 1 2 2 15 10 32 29 47 100 99 192 115
0 0 0 0 0 0 0 0 0 0 0 0 0 2 3 9 16 18 47 44 93 151 149 338 165
0 1 0 0 0 0 0 0 1 0 0 0 0 4 3 17 21 24 70 66 147 210 270 505 292
0 0 0 0 0 0 0 0 0 0 1 0 1 6 3 12 23 30 84 79 188 272 311 591 288
0 0 0 0 0 0 0 0 0 0 1 0 0 5 5 14 41 43 139 121 266 398 422 790 409
0 0 0 0 0 0 0 0 0 0 1 0 2 8 14 17 60 59 176 139 329 490 540 960 535
0 0 0 0 0 0 0 0 0 0 1 3 1 5 12 20 44 50 146 143 244 413 503 887 497
0 0 0 1 0 0 0 0 0 1 0 2 2 4 11 29 64 61 183 193 329 507 607 1124 543
0 0 0 0 0 0 0 0 0 1 0 1 0 6 8 30 61 53 187 155 340 543 569 1130 566
0 0 0 0 0 0 0 0 0 0 0 1 2 2 1 6 26 22 58 55 104 186 179 315 194
0.62 -15.144 -1.9 -6.5134826 -2.4001
0 0 0 0 0 0 0 0 0 0 0 0 0 0 0 0 0 0 0 0 0 0 0 0 0
0 0 0 0 0 0 0 0 0 0 0 0 0 0 0 0 0 0 0 0 0 0 0 1 0
0 0 0 0 0 0 0 0 0 0 0 0 0 0 0 0 1 0 0 1 0 0 0 2 0
0 0 0 0 0 0 0 0 0 0 0 0 0 0 1 0 0 0 0 1 0 0 1 1 0
0 0 0 0 0 0 0 0 0 0 0 0 0 0 0 0 0 1 0 0 1 1 1 0 2
0 0 0 0 0 0 0 0 0 0 0 1 0 0 0 0 1 1 1 0 1 1 2 4 3
0 0 0 0 0 0 0 0 0 0 0 0 0 0 0 0 0 0 1 0 5 2 2 5 2
0 0 0 0 0 0 0 0 0 0 0 0 0 0 0 1 2 1 1 2 7 2 3 6 10
0 0 0 0 0 0 0 0 0 1 0 0 2 1 2 0 1 2 3 4 6 9 8 16 11
0 0 0 0 0 0 0 0 0 0 0 0 0 1 3 0 5 3 3 6 11 6 17 19 9
0 0 0 0 0 0 0 0 0 1 0 0 1 2 3 0 7 6 5 12 22 11 17 30 20
0 0 0 0 0 0 0 0 0 1 1 0 0 1 3 1 7 5 4 31 34 19 30 57 28
0 0 0 0 0 0 0 0 0 0 0 0 2 3 5 2 11 4 12 23 28 27 56 56 44
0 0 0 0 0 0 0 0 0 0 1 0 1 2 6 3 17 18 20 20 53 46 58 96 58
0 0 0 0 0 0 0 0 1 1 0 0 4 7 14 7 33 14 39 53 85 62 108 159 91
0 0 0 0 1 0 0 1 1 1 2 2 5 5 11 10 42 21 37 38 103 78 110 183 103
0 0 0 0 0 0 0 0 0 2 1 4 9 12 23 8 40 40 54 65 118 116 183 268 160
0 0 0 0 0 0 0 0 1 3 2 3 6 19 24 13 55 58 80 129 197 198 253 366 265
0 0 0 0 0 0 0 0 1 3 0 4 8 17 26 15 82 57 73 119 225 177 271 428 241
0 0 0 0 0 0 0 1 1 3 1 4 18 36 35 17 115 88 128 174 328 269 388 584 403
0 1 0 0 0 0 1 1 2 2 1 4 15 38 53 26 164 116 148 236 430 362 528 770 508
0 0 1 0 0 1 1 2 0 5 0 7 19 33 57 23 126 91 164 181 360 301 457 737 416
0 0 0 0 1 1 0 0 1 6 3 7 21 48 42 23 187 112 167 250 465 421 581 828 514
0 1 1 0 1 0 1 0 3 0 2 9 21 43 48 28 149 115 166 255 422 371 555 753 472
0 0 0 0 0 0 0 0 0 2 0 0 4 16 16 7 45 31 61 93 146 124 193 256 139
0.64 -14.402 -1.9 -7.0826072 -2.4001
0 0 0 0 0 0 0 0 0 0 0 0 0 0 0 0 0 0 0 0 0 0 0 0 0
0 0 0 0 0 0 0 0 0 0 0 0 0 0 0 0 0 0 0 0 0 0 0 0 1
0 0 0 0 0 0 0 0 0 0 0 0 0 0 0 0 0 0 0 0 0 0 0 0 0
0 0 0 0 0 0 0 0 0 0 0 0 0 0 0 0 0 0 0 0 0 0 0 1 0
0 0 0 0 0 0 0 0 0 0 0 0 0 0 0 0 0 0 0 0 0 0 1 1 0
0 0 0 0 0 0 0 0 0 0 0 0 0 0 0 0 0 0 2 0 1 1 2 3 1
0 0 0 0 0 0 0 0 0 0 0 0 0 1 0 0 0 2 2 0 0 0 1 0 1
0 0 0 0 0 0 0 0 0 0 0 0 0 0 1 0 1 0 1 0 0 1 3 3 3
0 0 0 0 0 0 0 0 0 0 0 0 0 0 0 0 2 1 5 0 2 6 6 8 3
0 0 0 0 0 0 0 0 0 0 0 0 0 0 1 0 1 1 2 2 2 7 4 12 9
0 0 0 0 0 0 0 0 0 0 0 1 0 1 1 0 2 2 3 0 10 6 12 14 12
0 0 0 0 0 0 0 0 0 0 1 0 0 1 3 1 5 2 8 1 10 20 15 19 17
0 0 0 0 0 0 0 0 0 0 0 2 0 1 5 3 7 7 14 9 19 15 30 44 27
0 0 0 0 0 0 0 0 0 1 0 2 0 3 2 5 10 10 28 12 40 33 39 66 43
0 0 0 0 0 0 0 0 0 0 1 1 1 4 5 3 13 11 40 8 54 43 71 104 55
0 0 0 0 0 0 0 1 1 0 0 4 2 7 9 11 29 27 51 21 82 95 98 186 96
0 1 0 0 0 1 0 0 0 1 0 7 0 10 12 5 35 33 75 43 104 87 153 209 131
0 0 0 0 0 0 1 0 0 0 2 6 2 18 11 11 42 58 122 40 134 125 185 307 171
0 0 0 0 0 0 4 0 4 0 5 11 7 15 25 20 94 73 182 62 265 233 304 554 338
0 0 1 0 0 1 0 1 1 1 5 11 5 22 44 19 85 85 202 71 280 236 331 510 310
0 0 0 0 0 0 1 0 2 2 11 12 7 32 33 42 135 105 270 126 364 345 481 721 435
0 0 0 0 0 2 0 0 3 3 8 10 8 32 43 47 134 120 300 96 402 351 496 834 474
0 0 0 0 0 0 0 0 11 5 7 21 4 27 61 49 141 152 383 115 477 424 604 867 581
0 0 0 0 0 2 1 0 7 5 11 24 3 36 59 49 109 115 350 135 434 403 543 974 566
0 0 0 0 0 0 0 0 2 1 4 4 4 16 19 24 58 65 127 63 192 182 231 396 204
0.66 -16.098 -1.9 -6.589262 -2.4001
0 0 0 0 0 0 0 0 0 0 0 0 0 0 0 0 0 0 0 0 0 0 0 0 0
0 0 0 0 0 0 0 0 0 0 0 0 0 0 0 0 0 0 0 0 0 0 0 3 0
0 0 0 0 0 0 0 0 0 0 0 0 0 0 0 0 1 0 1 0 0 0 0 1 0
0 0 0 0 0 0 0 0 0 0 0 0 0 0 0 0 0 0 0 1 0 0 0 3 1
0 0 0 0 0 0 0 0 0 0 0 0 0 0 0 0 0 0 0 0 3 1 2 3 5
0 0 0 0 0 0 0 0 0 0 0 0 0 1 0 1 0 0 0 2 0 1 3 4 2
0 0 0 0 0 0 0 0 0 0 0 0 0 0 0 1 0 2 0 4 1 2 3 7 1
0 0 0 0 0 0 0 0 0 0 0 0 0 0 2 0 0 4 0 3 4 1 7 16 6
0 0 0 0 0 0 0 0 0 0 0 0 0 0 0 0 2 2 3 7 5 4 3 26 6
0 0 0 0 0 0 0 0 0 0 0 0 1 0 0 3 0 7 2 14 10 3 11 45 8
0 0 0 0 0 0 0 0 0 0 0 0 0 2 1 2 2 15 2 12 18 13 16 49 25
0 0 0 0 0 0 0 0 0 0 0 1 0 1 5 4 6 10 3 17 26 13 41 85 39
0 0 0 0 0 0 0 0 0 0 0 0 1 2 4 4 2 14 5 33 41 25 31 92 37
0 0 0 0 0 0 0 0 0 0 0 1 1 1 2 4 3 17 7 40 45 31 70 142 52
0 0 0 0 0 0 0 0 0 0 0 0 1 5 9 8 6 29 13 68 89 44 112 212 116
0 0 0 0 0 0 0 0 0 0 0 0 1 4 12 10 5 36 14 84 81 68 132 245 123
0 0 0 0 0 0 0 0 0 0 0 2 0 4 6 15 11 58 21 101 115 88 174 327 151
0 0 0 0 0 0 0 0 2 0 1 0 2 7 17 22 15 94 30 190 174 159 273 537 274
0 0 0 0 0 0 0 0 0 0 3 2 2 7 17 27 14 120 39 209 185 143 271 601 249
0 0 0 0 0 0 0 0 2 0 1 0 1 10 22 34 24 148 61 308 273 180 365 738 350
0 0 0 0 0 0 0 0 0 1 4 1 2 18 38 31 23 162 70 318 333 231 472 922 448
0 0 0 0 0 0 0 0 0 2 3 0 3 12 22 37 33 129 61 344 337 232 417 921 401
0 1 0 0 0 0 0 0 0 1 2 1 1 18 30 45 33 178 94 366 383 246 532 1099 464
0 0 0 0 0 0 0 0 0 0 5 3 4 18 31 54 34 170 79 368 432 258 475 995 458
0 0 0 0 0 0 1 0 0 0 1 0 2 7 11 14 11 56 24 132 124 96 150 354 132
0.68 -12.282 -1.9 -6.6746874 -2.4001
0 0 0 0 0 0 0 0 0 0 0 0 0 0 0 0 0 0 0 0 0 0 0 0 0
0 0 0 0 0 0 0 0 0 0 0 0 0 0 1 0 0 0 0 0 0 0 2 0 0
0 0 0 0 0 0 0 0 0 0 1 0 0 0 0 0 0 0 0 0 0 0 1 0 0
0 0 0 0 0 0 0 0 1 0 0 0 0 0 0 0 0 0 0 0 0 0 1 0 0
0 0 0 0 0 0 0 0 0 0 0 0 0 0 0 0 0 0 1 0 3 1 3 1 1
0 0 0 0 0 0 0 0 0 0 0 0 0 0 2 1 1 2 3 0 1 0 3 2 2
0 0 0 0 0 0 0 0 0 0 0 1 1 0 0 1 0 2 1 3 8 3 9 0 2
0 0 0 0 0 0 0 0 0 0 0 1 0 0 1 2 1 3 2 0 5 2 20 4 3
0 0 0 0 0 0 0 0 0 1 0 1 0 0 0 2 3 7 0 7 10 6 15 7 4
0 0 0 0 0 0 0 1 0 0 2 2 0 0 4 3 2 8 8 11 18 6 43 6 12
0 0 0 0 0 0 0 0 0 0 1 3 0 0 6 2 3 14 9 2 18 11 38 13 16
0 0 0 0 0 0 0 0 2 0 3 3 1 1 3 4 1 20 22 20 34 20 66 15 28
0 0 0 0 0 0 1 0 1 1 0 5 3 3 10 6 4 19 21 20 33 20 81 18 43
0 0 0 0 0 0 0 0 1 0 6 2 2 1 12 14 8 44 20 28 70 32 119 39 56
0 1 0 0 0 0 0 1 0 1 3 6 3 6 18 16 13 43 39 41 81 44 164 65 78
0 1 0 0 0 2 0 1 2 1 3 14 3 4 26 29 14 72 61 51 132 57 212 54 93
0 0 0 0 0 0 0 0 3 0 7 13 7 8 46 40 26 89 65 67 147 83 331 71 138
0 0 0 0 0 2 0 2 5 2 10 21 2 16 64 59 39 138 112 107 220 110 478 148 223
0 0 0 0 0 1 0 0 5 0 12 26 7 20 64 57 45 161 123 129 226 119 506 157 230
0 0 0 1 0 1 1 2 10 2 24 26 6 14 93 70 53 233 145 153 357 182 777 214 314
0 1 0 0 0 4 1 2 10 1 16 51 17 24 103 97 48 253 200 207 431 235 837 216 357
0 0 0 1 0 0 0 4 10 0 18 33 14 27 99 81 52 280 187 220 442 209 831 237 352
0 0 0 1 0 2 0 1 11 0 20 53 12 31 119 118 59 347 226 251 512 268 984 283 453
0 2 0 0 0 4 2 1 7 4 15 49 11 24 93 124 55 301 211 207 504 211 1009 253 438
0 0 0 0 0 3 0 1 2 3 7 17 4 12 30 54 22 106 71 83 155 79 322 76 141
0.70 -17.158 -1.9 -6.57692 -2.40016
0 0 0 0 0 0 0 0 0 0 0 0 0 0 0 0 0 0 0 0 0 0 0 0 0
0 0 0 0 0 0 0 0 0 0 0 0 0 0 0 0 0 0 0 1 0 0 0 0 3
0 0 0 0 0 0 0 0 0 0 0 0 0 0 0 0 0 1 0 1 0 0 0 0 1
0 0 0 0 0 0 0 0 0 0 0 0 0 0 0 0 0 0 0 2 0 0 1 1 1
0 0 0 0 0 0 0 0 0 0 0 0 0 0 0 0 0 1 0 2 1 1 3 5 0
0 0 0 0 0 0 0 0 0 0 0 0 0 0 0 0 0 3 0 1 0 5 3 9 1
0 0 0 0 0 0 0 0 0 0 0 0 0 0 0 0 1 0 0 2 6 4 4 8 3
0 0 0 0 0 0 0 0 0 0 0 1 0 0 0 1 0 1 1 5 2 3 9 17 6
0 0 0 0 0 0 0 0 0 0 0 0 0 1 1 0 1 1 2 10 7 5 16 34 13
0 0 0 0 0 0 0 0 0 0 0 1 0 0 0 0 2 7 5 12 9 11 25 32 25
0 0 0 0 0 0 0 0 0 0 0 0 0 0 1 0 1 5 2 18 21 19 38 43 36
0 0 0 0 0 0 0 0 0 0 0 0 0 1 1 3 2 10 13 35 14 31 48 88 39
0 0 0 0 0 0 0 0 0 0 0 0 0 2 1 3 4 11 12 36 24 37 62 125 67
0 0 0 0 0 0 0 0 0 0 0 0 0 0 1 2 5 17 19 52 30 42 91 154 83
0 0 0 0 0 0 0 0 0 0 0 0 0 2 1 4 6 29 36 79 59 83 146 235 147
0 0 0 0 0 0 0 0 0 0 0 1 1 4 2 3 6 33 23 94 53 70 173 292 147
0 0 0 0 0 0 0 0 0 0 0 2 2 6 2 9 12 35 49 115 72 121 244 363 221
0 0 0 0 0 0 0 0 1 0 0 1 0 7 3 13 17 65 82 201 124 161 335 534 302
0 0 0 0 0 1 0 0 1 1 0 3 1 6 2 24 24 70 71 242 145 186 398 665 357
0 0 0 0 0 0 0 0 0 0 1 1 0 2 1 14 41 81 95 260 188 229 512 855 465
0 0 0 0 0 0 0 0 0 0 0 1 0 5 2 18 37 90 120 345 213 313 616 946 539
0 1 0 0 0 0 0 0 0 0 0 1 2 8 2 16 43 105 116 323 200 255 545 878 516
0 0 0 0 0 0 0 0 0 0 1 1 1 11 4 17 40 133 133 375 250 300 673 1069 572
0 0 0 0 0 0 0 0 0 1 0 1 1 8 4 19 47 114 109 349 259 287 605 1004 575
0 0 0 0 0 0 0 0 0 0 0 1 1 2 2 6 22 28 46 122 67 88 181 321 179
0.72 -12.07 -1.9 -6.980226 -2.40003
0 0 0 0 0 0 0 0 0 0 0 0 0 0 0 0 0 0 0 0 0 0 0 0 0
0 0 0 0 0 0 0 0 0 0 0 0 0 1 0 0 0 0 0 0 0 0 0 0 0
0 0 0 0 0 0 0 0 0 0 0 0 0 0 0 0 0 0 0 0 0 0 0 0 0
0 0 0 0 0 0 0 0 0 0 0 0 0 0 0 0 0 0 0 1 0 1 0 0 1
0 0 0 0 0 0 0 0 0 0 0 0 0 0 0 0 0 2 0 0 2 1 1 1 3
0 0 0 0 0 0 0 0 0 0 0 0 0 0 0 0 0 3 1 0 2 0 2 1 0
0 0 0 0 0 0 0 0 0 0 0 0 0 0 0 0 1 1 2 1 5 3 6 2 0
0 0 0 0 0 0 0 0 0 0 0 0 0 0 0 2 1 2 2 1 7 4 11 6 3
0 0 0 0 0 0 0 0 0 0 0 0 0 2 0 1 0 9 1 3 18 6 21 5 3
0 0 0 0 0 0 1 0 0 0 0 1 0 4 1 3 1 7 4 8 19 3 25 6 7
0 0 0 0 0 0 0 0 0 0 0 2 0 5 0 5 1 12 5 4 29 9 41 20 16
0 0 0 0 0 0 0 0 0 0 2 4 4 1 1 6 1 21 8 7 34 13 52 18 26
0 0 0 0 0 0 0 1 0 1 1 0 1 9 5 13 3 38 18 18 60 22 74 32 24
0 0 0 0 0 1 0 0 0 0 1 2 1 6 3 16 2 39 31 24 79 37 128 42 47
0 0 0 0 0 0 0 0 1 0 2 7 1 11 4 16 9 64 34 21 127 31 153 61 90
0 0 0 1 0 0 1 0 3 0 8 8 2 31 5 29 16 86 53 41 182 59 251 90 123
0 0 0 0 0 0 0 0 4 0 3 9 3 32 6 35 13 91 73 60 180 65 313 84 106
0 0 0 0 0 0 1 0 1 1 10 14 4 38 17 60 18 188 110 80 290 93 418 141 224
0 0 0 0 1 1 1 1 4 1 8 28 4 43 21 89 41 227 138 96 406 134 585 199 294
0 0 0 0 1 2 1 1 6 1 5 31 6 69 12 86 44 267 131 150 474 155 740 241 318
0 0 0 0 3 1 0 2 8 2 13 38 5 77 19 121 56 307 176 161 609 177 904 259 430
0 0 1 0 1 0 1 0 8 1 15 40 13 87 19 115 53 328 196 163 630 193 903 289 436
0 1 0 0 0 2 2 1 12 1 18 37 6 103 29 150 59 396 220 197 700 211 944 303 475
0 0 0 0 0 1 0 2 7 3 22 45 11 78 19 125 63 354 218 175 673 190 988 324 463
0 0 0 0 1 0 0 0 0 1 4 17 3 50 8 50 15 147 78 56 280 85 399 104 191
0.74 -12.07 -1.9 -7.2722094 -2.4001
0 0 0 0 0 0 0 0 0 0 0 0 0 0 0 0 0 0 0 0 0 0 0 0 0
0 0 0 0 0 0 0 0 0 0 0 0 0 0 0 1 0 1 0 0 0 0 0 0 0
0 0 0 0 0 0 0 0 0 0 0 0 0 0 0 0 0 0 0 0 1 0 0 0 0
0 0 0 0 0 0 0 0 0 0 0 0 0 0 0 0 0 0 0 0 0 0 0 0 0
0 0 0 0 0 0 0 0 0 0 0 0 0 0 0 1 0 1 0 1 1 0 0 1 0
0 0 0 0 0 0 0 0 0 0 0 0 0 0 0 0 0 1 0 1 1 1 5 3 0
0 0 0 0 0 0 0 0 0 0 0 0 0 1 0 1 1 0 0 1 4 1 7 1 1
0 0 0 0 0 0 0 0 0 0 0 0 0 1 1 1 0 0 2 3 4 1 5 1 4
0 0 0 0 0 0 0 0 0 0 0 0 0 1 0 3 2 4 5 4 4 3 8 1 4
0 0 0 0 0 0 0 0 0 0 0 1 0 0 0 2 1 10 3 1 13 2 20 6 10
0 0 0 0 1 0 0 0 0 1 0 2 0 3 0 2 1 6 6 2 27 7 27 10 16
0 0 0 1 0 0 0 0 0 0 0 1 0 6 1 4 2 21 12 11 39 17 36 19 17
0 0 0 0 0 0 0 0 0 0 0 2 1 5 4 11 5 24 15 9 54 19 69 22 35
0 0 0 0 0 0 0 0 0 0 2 2 1 8 2 20 14 43 32 18 101 35 103 42 52
0 0 0 0 0 0 0 1 2 1 1 5 0 5 3 19 8 68 36 21 107 31 134 51 80
0 0 0 0 0 0 0 0 0 0 1 4 1 21 6 38 10 84 57 34 168 67 203 81 113
0 0 0 0 0 1 1 0 1 1 2 6 4 20 9 44 10 107 53 48 249 59 256 96 171
0 0 0 0 0 0 0 0 1 2 2 11 6 35 8 55 32 135 84 52 300 79 378 137 193
0 0 0 0 1 0 0 1 1 0 7 18 5 55 13 96 36 199 172 97 461 119 622 218 308
0 0 0 0 0 0 0 1 4 2 8 18 10 48 19 94 35 257 161 104 539 165 667 262 311
0 1 0 0 0 0 1 2 8 1 7 38 10 91 20 114 42 348 192 131 703 191 879 312 444
0 0 0 0 0 2 2 2 6 2 18 30 13 72 14 133 61 403 265 164 792 217 954 346 512
0 0 0 0 1 0 0 3 6 0 13 39 13 79 22 165 53 409 248 178 808 234 943 364 500
0 0 0 0 0 0 0 2 6 3 17 35 15 93 24 151 38 427 259 152 883 213 1049 323 547
0 0 0 0 0 0 0 1 2 0 6 19 5 39 12 63 26 168 108 72 315 60 398 140 207
0.76 -13.236 -1.9 -7.0341122 -2.4001
0 0 0 0 0 0 0 0 0 0 0 0 0 0 0 0 0 0 0 0 0 0 0 0 0
0 0 0 0 0 0 0 0 0 0 0 0 0 0 0 0 0 0 0 0 0 0 0 1 0
0 0 0 0 0 0 0 0 0 0 0 0 0 0 0 0 0 0 0 0 0 0 0 1 0
0 0 0 0 0 0 0 0 0 0 0 0 0 0 0 0 0 0 2 0 0 1 3 1 0
0 0 0 0 0 0 0 0 0 0 0 0 0 0 0 0 1 0 0 0 3 1 0 3 0
0 0 0 0 0 0 0 0 0 0 0 0 0 0 0 0 0 2 0 2 2 8 5 4 2
0 0 0 0 0 0 0 0 0 0 0 0 0 1 0 0 1 1 3 2 0 4 3 4 6
0 0 0 0 0 0 0 0 0 0 0 0 0 0 0 0 2 1 4 2 4 4 6 7 4
0 0 0 0 0 0 0 0 0 0 0 0 0 0 1 1 8 2 13 9 3 28 22 11 9
0 0 0 0 0 0 0 0 0 0 0 0 0 1 1 3 3 5 6 11 2 26 10 19 10
0 0 0 0 0 0 0 0 0 0 0 0 0 0 0 4 4 4 20 16 13 51 37 26 22
0 0 0 0 0 0 0 0 0 0 0 1 1 1 0 4 4 4 18 21 10 62 38 40 43
0 0 0 0 0 0 0 0 1 1 2 1 0 5 0 8 22 5 48 38 20 86 55 65 50
0 0 0 0 0 0 0 0 0 0 0 2 1 2 2 12 15 9 42 41 22 117 87 89 72
0 0 0 0 0 1 1 0 0 0 0 1 0 1 4 9 26 13 68 70 39 176 126 123 117
0 0 0 0 0 0 0 0 0 1 3 3 0 6 7 20 43 23 113 87 52 270 184 201 159
0 0 0 0 1 0 0 0 1 1 0 2 2 16 4 28 41 23 131 125 58 276 204 229 182
0 0 0 0 0 0 0 0 0 0 2 2 0 15 5 36 64 32 148 162 93 442 279 319 261
0 0 0 0 0 0 0 1 2 1 2 10 2 27 9 47 99 45 230 229 116 623 407 460 337
0 0 0 0 0 0 0 1 2 0 2 1 4 22 12 53 102 69 289 268 109 666 453 489 399
0 0 0 0 0 1 0 0 0 0 4 8 10 28 18 80 153 66 330 329 180 840 544 624 466
0 1 0 0 0 0 1 0 0 1 1 4 4 26 14 68 130 73 371 336 172 826 586 619 504
0 0 0 0 0 0 0 2 0 1 6 10 5 41 16 100 164 93 375 396 183 1012 684 706 578
0 0 0 0 0 0 0 1 1 0 5 7 4 33 13 82 157 86 370 375 200 957 629 650 534
0 0 0 0 0 0 0 0 1 0 1 2 1 15 2 28 63 24 144 148 72 339 223 227 175
0.78 -12.6 -1.9 -7.1339048 -2.40003
0 0 0 0 0 0 0 0 0 0 0 0 0 0 0 0 0 0 0 0 0 0 0 0 0
0 0 0 0 0 0 0 0 0 0 0 0 0 0 0 0 0 0 1 0 0 0 1 0 0
0 0 0 0 0 0 0 0 0 0 0 0 0 0 0 0 0 0 1 0 0 0 1 1 0
0 0 0 0 0 0 0 0 0 0 0 0 0 0 0 0 0 1 0 0 0 0 2 2 0
0 0 0 0 0 0 0 0 0 0 0 0 0 0 0 1 0 3 1 0 0 2 2 1 1
0 0 0 0 0 0 0 0 0 0 0 0 0 0 0 0 0 2 2 1 2 1 2 2 1
0 0 0 0 0 0 0 0 0 0 0 0 0 0 0 0 0 1 3 1 4 5 9 7 3
0 0 0 0 0 0 0 0 0 0 0 0 0 0 2 0 0 2 4 3 2 14 12 4 6
0 0 0 0 0 0 0 0 0 0 0 0 2 0 1 4 1 4 3 2 4 24 13 7 15
0 0 0 0 0 0 0 0 0 0 0 0 0 0 5 5 0 15 12 4 9 32 41 19 21
0 0 0 0 0 0 0 1 0 1 0 0 0 0 2 6 1 14 9 4 16 40 45 27 24
0 0 0 0 0 0 0 0 0 0 1 0 4 0 4 8 1 29 30 16 21 68 57 26 42
0 0 0 0 0 0 0 0 0 0 2 1 1 0 6 9 0 32 27 16 31 102 72 47 72
0 0 0 0 0 0 0 0 1 0 0 1 3 2 12 14 2 47 33 19 45 130 122 58 73
0 0 0 0 0 0 0 0 0 1 2 1 4 2 7 31 10 73 50 27 56 220 135 91 101
0 0 0 0 0 0 1 1 0 1 0 1 7 1 19 33 16 111 96 40 100 280 235 129 147
0 0 0 0 0 0 0 1 1 1 1 2 4 1 19 46 7 123 119 70 132 333 267 161 199
0 0 0 0 0 0 0 0 0 1 1 1 10 3 36 69 22 166 145 63 153 457 401 201 285
0 0 0 0 0 2 0 0 0 4 2 6 14 8 28 83 22 251 216 96 202 707 560 327 373
0 0 0 1 1 0 0 0 2 7 0 9 23 2 42 91 25 248 264 112 250 734 635 338 483
0 0 0 0 0 1 0 0 1 4 7 6 25 10 60 116 31 391 306 145 315 965 800 395 521
0 0 0 1 0 0 0 1 2 7 3 3 27 7 73 131 25 375 292 129 350 977 871 423 588
0 0 0 0 0 1 1 1 3 5 3 7 31 6 67 143 31 405 349 165 355 1050 918 449 610
0 0 0 0 0 0 0 1 5 3 3 4 34 3 54 146 29 384 379 155 343 987 916 424 589
0 1 0 0 0 0 0 0 0 1 0 3 11 2 17 61 13 128 155 64 112 377 337 167 235
0.80 -12.282 -1.9 -6.9717354 -2.40003
0 0 0 0 0 0 0 0 0 0 0 0 0 0 0 0 0 0 0 0 0 0 0 0 0
0 0 0 0 0 0 0 0 0 0 0 0 0 0 0 0 0 0 0 0 2 0 0 0 1
0 0 0 0 0 0 0 0 0 0 0 0 0 0 0 0 0 0 0 0 0 1 1 1 1
0 0 0 0 0 0 0 0 0 0 0 0 0 1 0 0 0 1 1 0 1 1 1 0 1
0 0 0 0 0 0 0 0 0 0 0 0 0 0 0 1 0 1 3 0 6 3 6 3 5
0 0 0 0 0 0 0 0 0 0 0 0 0 0 3 1 0 1 2 3 8 0 6 7 3
0 0 0 0 0 0 0 0 0 0 0 0 1 0 0 1 0 5 4 1 15 7 12 8 6
0 1 0 0 0 0 0 0 0 0 0 0 0 0 0 1 1 12 8 3 20 2 10 8 7
0 0 0 0 0 0 0 0 0 0 0 1 0 0 1 5 0 10 15 3 37 7 27 15 12
0 0 0 1 0 0 0 0 0 0 0 1 1 0 3 4 3 15 15 6 55 11 31 26 26
0 0 0 0 0 0 1 0 1 0 0 1 1 0 2 7 2 15 28 8 69 21 45 25 43
0 0 0 0 0 0 0 0 0 0 1 1 0 2 5 12 3 26 35 17 115 23 78 46 61
0 0 0 0 0 0 0 0 0 0 1 2 1 2 8 14 2 40 64 17 148 38 100 72 81
0 0 0 0 0 0 0 0 0 0 3 3 1 1 7 22 5 61 66 15 186 40 121 81 104
0 0 0 0 0 0 0 1 0 0 1 2 1 0 11 37 11 89 86 15 294 48 167 109 163
0 0 0 0 0 0 0 0 3 1 2 8 2 4 21 53 15 97 130 30 437 64 254 177 214
0 0 0 0 0 0 1 0 0 2 1 9 4 4 16 55 15 134 175 54 482 91 285 187 239
0 0 0 0 1 1 0 1 1 1 2 10 5 5 29 93 22 165 242 55 659 133 430 283 323
0 0 0 0 0 0 0 1 4 1 5 15 6 15 39 98 25 240 328 77 839 140 535 350 418
0 0 0 0 0 0 1 1 0 5 3 25 3 6 35 129 30 264 362 102 1010 175 671 407 511
0 0 0 0 0 0 0 1 1 2 3 25 10 20 62 148 31 360 428 110 1108 212 752 469 598
0 0 0 0 1 0 0 1 1 2 5 13 4 16 38 152 34 321 481 106 1119 209 745 443 602
0 0 0 0 1 0 0 0 1 2 2 37 5 11 56 175 36 360 510 111 1280 222 839 521 641
0 0 0 0 0 0 0 0 4 1 2 23 8 14 48 163 36 317 492 111 1156 202 722 464 591
0 0 0 0 0 0 0 0 2 1 2 9 2 3 24 58 12 140 156 58 450 75 264 166 237
0.82 -12.706 -1.9 -7.425797 -2.40003
0 0 0 0 0 0 0 0 0 0 0 0 0 0 0 0 0 0 0 0 0 0 0 0 0
0 0 0 0 0 0 0 0 0 0 0 0 0 0 0 0 0 1 0 0 0 0 0 0 0
0 0 0 0 0 0 0 0 0 0 0 0 0 0 0 0 0 0 0 0 0 0 0 0 0
0 0 0 0 0 0 0 0 0 0 0 0 0 0 0 0 0 0 1 0 0 0 4 2 1
0 0 0 0 0 0 0 0 0 0 0 0 0 0 0 0 0 0 1 0 1 5 1 2 0
0 0 0 0 0 0 0 0 0 0 0 0 0 0 0 0 2 2 1 2 1 3 2 2 3
0 0 0 0 0 0 0 0 0 0 0 0 0 0 0 0 0 2 4 2 0 7 5 3 8
0 0 0 0 0 0 0 0 0 0 0 0 0 0 0 0 0 1 2 1 2 19 5 9 10
0 0 0 0 0 0 0 0 0 0 0 0 0 0 0 1 1 6 8 1 5 25 11 8 7
0 0 0 0 0 0 0 0 0 0 0 1 0 0 2 3 0 11 10 4 8 54 21 15 33
0 0 0 0 0 0 0 0 0 0 0 0 0 0 1 5 4 16 23 2 14 56 18 20 18
0 0 0 0 0 0 0 0 0 0 0 0 1 0 3 7 6 22 43 12 18 92 40 46 55
0 0 0 0 0 0 0 0 0 1 1 1 3 1 2 21 5 23 52 18 20 137 69 55 59
0 0 0 0 0 0 0 0 0 0 1 1 10 1 7 25 6 43 83 20 39 205 111 91 126
0 0 0 0 0 0 0 0 0 1 0 0 4 0 6 25 4 68 88 25 50 262 150 100 117
0 0 0 0 0 0 0 0 0 1 0 2 6 5 15 34 14 92 153 35 84 376 207 174 198
0 0 0 0 0 0 0 0 0 1 0 2 4 3 13 44 19 149 162 61 110 504 292 216 264
0 0 0 0 0 0 0 0 0 2 3 2 9 9 15 87 17 171 210 64 159 714 357 299 361
0 0 0 0 0 0 0 0 1 2 2 6 19 4 40 97 22 202 374 101 214 981 551 462 467
0 0 1 0 0 0 2 1 0 2 5 3 13 7 29 113 21 268 403 103 219 1133 582 474 566
0 0 0 0 0 0 0 1 0 2 2 2 20 4 34 110 30 398 528 131 323 1394 692 622 703
0 1 0 0 0 0 0 1 2 1 6 6 24 9 43 179 43 357 591 169 337 1629 853 686 796
0 0 0 0 0 1 0 0 2 1 0 11 16 3 51 162 32 413 638 157 349 1537 808 653 751
0 0 0 0 1 0 0 1 1 3 3 2 24 11 34 211 42 384 627 145 348 1465 798 592 837
0 0 0 0 0 0 0 0 1 2 2 4 14 1 18 64 6 153 274 43 117 535 303 250 334
0.84 -11.646 -1.9 -7.1339048 -2.40003
0 0 0 0 0 0 0 0 0 0 0 0 0 0 0 0 0 0 0 0 0 0 0 0 0
0 0 0 0 0 0 0 0 0 0 0 0 0 0 0 0 0 1 1 0 1 0 1 1 0
0 0 0 0 0 0 0 0 0 0 0 0 0 0 0 0 0 0 0 1 2 0 0 1 0
0 0 0 0 0 0 0 0 0 0 0 0 0 0 1 0 0 0 1 2 4 0 0 6 3
0 0 0 0 0 0 0 0 0 0 0 0 1 0 2 0 0 1 5 0 5 0 5 3 2
0 0 0 0 0 0 0 0 0 0 0 0 0 1 2 0 0 4 3 1 5 1 6 8 4
0 0 0 0 0 0 0 0 0 0 0 0 0 0 6 0 0 8 9 3 29 2 7 15 6
0 0 0 0 0 0 0 0 0 0 0 0 0 0 2 1 3 8 14 5 36 5 7 22 7
0 0 0 0 0 0 0 0 0 0 0 2 0 0 4 1 4 12 18 4 42 9 23 47 15
0 0 0 0 0 0 0 0 0 0 0 1 1 0 4 0 5 16 25 6 73 17 33 49 13
0 0 0 0 0 0 0 0 0 0 1 0 0 0 4 4 6 17 43 9 112 18 42 95 20
0 0 0 0 0 0 0 0 0 0 0 2 2 2 15 2 10 33 48 16 161 25 61 106 34
0 0 0 2 0 0 0 0 0 0 0 3 5 7 18 4 7 40 81 36 199 49 82 160 38
0 0 0 0 1 0 0 0 0 2 0 3 2 6 20 4 13 43 113 33 288 65 146 226 52
0 0 0 0 0 0 0 0 1 3 3 5 0 8 39 6 14 101 166 49 409 88 159 288 64
0 0 0 0 0 0 0 0 0 0 3 7 5 9 39 13 21 124 214 75 546 109 215 434 90
0 0 0 0 0 0 0 1 1 1 3 8 1 20 51 15 29 156 253 75 679 128 258 499 105
0 0 0 0 0 1 0 0 3 2 2 9 17 14 59 18 32 161 387 106 858 183 374 673 140
0 0 0 1 1 1 1 1 1 5 6 14 14 21 116 17 62 265 463 138 1145 252 457 876 204
0 1 0 0 0 0 3 0 1 3 3 8 9 23 120 24 41 278 549 170 1298 274 512 990 203
0 0 0 0 0 0 1 0 3 1 9 12 13 27 122 37 69 355 681 185 1525 301 659 1173 256
0 0 0 0 0 0 0 4 2 4 11 22 20 19 143 46 63 346 686 199 1646 304 642 1225 225
0 0 0 1 2 0 1 0 1 5 5 28 19 32 173 40 63 369 776 209 1730 338 741 1364 285
0 0 0 0 0 0 0 3 3 3 4 23 10 28 164 42 67 331 772 167 1618 301 675 1224 229
0 0 0 0 0 0 2 4 1 1 0 6 4 14 61 13 28 126 286 77 554 106 223 466 81
-1
